Range    : 0.200

Accuracy : 0.001

Control file  : gr32new

Spectrum file : 9md

Searching 3 3 0 near 2743.85356
2 1 1 2692.75011 91.1 2743.89026
4 1 3 2595.74914 99.8 2743.88972

2 1 1 2692.75011 91.1 2743.89026
4 1 3 2595.74914 99.8 2743.88972

2 1 1 2692.75011 91.1 2743.89026
4 1 3 2595.74914 99.8 2743.88972

Searching 4 3 1 near 2808.75645
3 3 0 2691.17797 98.0 2808.56995
5 3 2 2544.83125 93.5 2808.5702

3 1 2 2713.75547 87.9 2808.81177
5 1 4 2598.59508 99.7 2808.81235

Searching 4 4 1 near 2820.4751
3 2 2 2724.1873 94.0 2820.57975
4 2 2 2650.24376 96.1 2820.5795
5 2 4 2610.31467 99.8 2820.57944

3 2 2 2724.1873 94.0 2820.57975
4 2 2 2650.24376 96.1 2820.5795
5 2 4 2610.31467 99.8 2820.57944

3 2 2 2724.1873 94.0 2820.57975
4 2 2 2650.24376 96.1 2820.5795
5 2 4 2610.31467 99.8 2820.57944

Searching 5 3 2 near 2889.03327
Searching 5 4 2 near 2895.35765
