Range    : 0.200
Accuracy : 0.001
Control file  : gr32new
Spectrum file : 9md

Searching   3  3  0 near   2743.85356
No   1:   3  3  1      115.34059  reg  2628.313 -  2628.713
No   2:   4  3  1      182.64849  reg  2561.005 -  2561.405
No   3:   2  1  1       51.14016  reg  2692.513 -  2692.913
No   4:   3  1  3       71.46515  reg  2672.188 -  2672.588
No   5:   4  1  3      148.14058  reg  2595.513 -  2595.913
  3 3 1 2628.41917100.1 2743.75976 3 1 3 2672.29473 95.7 2743.75988
  3 3 1 2628.45731 99.9    2743.79789 2 1 1 2692.65743100.0 2743.79759
  3 3 1 2628.54951 99.7    2743.89010 4 3 1 2561.24128 82.7 2743.88977
2  1  1  2692.75011 91.1  2743.89026
4  1  3  2595.74914 99.8  2743.88972
  3 3 1 2628.58992 98.4    2743.93051 4 3 1 2561.28161100.0 2743.93010
  4 3 1 2561.24128 82.7    2743.88977 2 1 1 2692.75011 91.1 2743.89026
4  1  3  2595.74914 99.8  2743.88972
  4 3 1 2561.37774100.1 2744.02623 4 1 3 2595.88497 98.8 2744.02555
  2 1 1 2692.75011 91.1    2743.89026 4 1 3 2595.74914 99.8 2743.88972

Searching   4  3  1 near   2808.75645
No   1:   3  3  0      117.39199  reg  2691.164 -  2691.564
No   2:   4  3  2      173.96726  reg  2634.589 -  2634.989
No   3:   5  3  2      263.73895  reg  2544.818 -  2545.218
No   4:   5  5  0      296.67759  reg  2511.879 -  2512.279
No   5:   3  1  2       95.05630  reg  2713.500 -  2713.900
No   6:   4  1  4      114.17758  reg  2694.379 -  2694.779
No   7:   5  1  4      210.21727  reg  2598.339 -  2598.739
  3 3 0 2691.17797 98.0    2808.56995 5 3 2 2544.83125 93.5 2808.57020
  3 3 0 2691.28123 99.8    2808.67322 3 1 2 2713.61721 99.2 2808.67351
  4 3 2 2634.74963 98.7    2808.71688 5 3 2 2544.97791 99.3 2808.71686
  4 3 2 2634.86466 94.1    2808.83192 3 1 2 2713.77642 98.3 2808.83272
  5 3 2 2544.90807 96.4    2808.64702 5 1 4 2598.42935 99.0 2808.64662
  5 3 2 2545.16718100.0 2808.90612 5 1 4 2598.68877 99.2 2808.90604
  3 1 2 2713.75547 87.9    2808.81177 5 1 4 2598.59508 99.7 2808.81235

Searching   4  4  1 near   2820.47510
No   1:   4  4  0      196.80211  reg  2623.473 -  2623.873
No   2:   5  4  2      271.10604  reg  2549.169 -  2549.569
No   3:   3  2  2       96.39246  reg  2723.883 -  2724.283
No   4:   4  2  2      170.33574  reg  2649.939 -  2650.339
No   5:   5  2  4      210.26477  reg  2610.010 -  2610.410
  4 4 0 2623.77746 99.9    2820.57957 5 4 2 2549.47359 91.7 2820.57963
3  2  2  2724.18730 94.0  2820.57975
4  2  2  2650.24376 96.1  2820.57950
5  2  4  2610.31467 99.8  2820.57944
  5 4 2 2549.47359 91.7    2820.57963 3 2 2 2724.18730 94.0 2820.57975
4  2  2  2650.24376 96.1  2820.57950
5  2  4  2610.31467 99.8  2820.57944
  3 2 2 2724.18730 94.0    2820.57975 4 2 2 2650.24376 96.1 2820.57950
5  2  4  2610.31467 99.8  2820.57944
  4 2 2 2650.24376 96.1    2820.57950 5 2 4 2610.31467 99.8 2820.57944

Searching   5  3  2 near   2889.03327
No   1:   4  3  1      182.64849  reg  2706.185 -  2706.585
No   2:   5  3  3      244.39249  reg  2644.441 -  2644.841
No   3:   6  3  3      356.51511  reg  2532.318 -  2532.718
No   4:   5  5  1      296.10441  reg  2592.729 -  2593.129
No   5:   6  5  1      391.88763  reg  2496.946 -  2497.346
No   6:   4  1  3      148.14058  reg  2740.693 -  2741.093
No   7:   5  1  5      166.34417  reg  2722.489 -  2722.889
No   8:   6  1  5      281.59456  reg  2607.239 -  2607.639
  5 3 3 2644.61404 97.5    2889.00653 5 1 5 2722.66146 99.7 2889.00562
  5 3 3 2644.69259 93.3    2889.08508 6 1 5 2607.48984100.0 2889.08441
  5 3 3 2644.86553 87.2    2889.25803 6 3 3 2532.74293 74.3 2889.25804
5  5  1  2593.15353 98.6  2889.25794
4  1  3  2741.11735 86.2  2889.25793
  6 3 3 2532.74293 74.3    2889.25804 5 5 1 2593.15353 98.6 2889.25794
4  1  3  2741.11735 86.2  2889.25793
  5 5 1 2593.01103100.1 2889.11544 4 1 3 2740.97524 87.3 2889.11582
  5 5 1 2593.15353 98.6    2889.25794 4 1 3 2741.11735 86.2 2889.25793

Searching   5  4  2 near   2895.35765
No   1:   4  4  1      195.66142  reg  2699.496 -  2699.896
No   2:   5  4  1      277.33757  reg  2617.820 -  2618.220
No   3:   6  4  3      359.36625  reg  2535.791 -  2536.191
No   4:   6  6  1      416.57572  reg  2478.582 -  2478.982
No   5:   4  2  3      148.41831  reg  2746.739 -  2747.139
No   6:   5  2  3      243.34344  reg  2651.814 -  2652.214
No   7:   6  2  5      281.60227  reg  2613.555 -  2613.955
  4 4 1 2699.37922 99.7    2895.04063 5 2 3 2651.69780100.0 2895.04124
  4 4 1 2699.52438 99.2    2895.18580 6 6 1 2478.60994 98.2 2895.18566
  5 4 1 2618.09869 97.9    2895.43627 6 6 1 2478.86097 99.3 2895.43669
  6 4 3 2535.85621100.0 2895.22246 6 6 1 2478.64600100.1 2895.22172
