Range    : 0.200
Accuracy : 0.001
Control file  : gr32new   
Spectrum file : 9md       

 Searching   3  3  0 near   2743.85356
 
  3  3  1  2628.41917100.1  2743.75976    
  3  1  3  2672.29473 95.7  2743.75988

  3  3  1  2628.45731 99.9  2743.79789    
  2  1  1  2692.65743100.0  2743.79759

  3  3  1  2628.54951 99.7  2743.89010    
  4  3  1  2561.24128 82.7  2743.88977
  2  1  1  2692.75011 91.1  2743.89026
  4  1  3  2595.74914 99.8  2743.88972

  3  3  1  2628.58992 98.4  2743.93051    
  4  3  1  2561.28161100.0  2743.93010

  4  3  1  2561.24128 82.7  2743.88977    
  2  1  1  2692.75011 91.1  2743.89026
  4  1  3  2595.74914 99.8  2743.88972
  
  4  3  1  2561.37774100.1  2744.02623    
  4  1  3  2595.88497 98.8  2744.02555

  2  1  1  2692.75011 91.1  2743.89026    
  4  1  3  2595.74914 99.8  2743.88972