Range    : 0.200
Accuracy : 0.001
Control file  : gr32new   
Spectrum file : 9md       

 Searching   3  3  0 near   2743.85356
 No   1:   3  3  1      115.34059  reg  2628.313 -  2628.713
 No   2:   4  3  1      182.64849  reg  2561.005 -  2561.405
 No   3:   2  1  1       51.14016  reg  2692.513 -  2692.913
 No   4:   3  1  3       71.46515  reg  2672.188 -  2672.588
 No   5:   4  1  3      148.14058  reg  2595.513 -  2595.913
  3  3  1  2628.41917100.1  2743.75976    3  1  3  2672.29473 95.7  2743.75988
  3  3  1  2628.45731 99.9  2743.79789    2  1  1  2692.65743100.0  2743.79759
  3  3  1  2628.54951 99.7  2743.89010    4  3  1  2561.24128 82.7  2743.88977
                                          2  1  1  2692.75011 91.1  2743.89026
                                          4  1  3  2595.74914 99.8  2743.88972
  3  3  1  2628.58992 98.4  2743.93051    4  3  1  2561.28161100.0  2743.93010
  4  3  1  2561.24128 82.7  2743.88977    2  1  1  2692.75011 91.1  2743.89026
                                          4  1  3  2595.74914 99.8  2743.88972
  4  3  1  2561.37774100.1  2744.02623    4  1  3  2595.88497 98.8  2744.02555
  2  1  1  2692.75011 91.1  2743.89026    4  1  3  2595.74914 99.8  2743.88972

 Searching   4  3  1 near   2808.75645
 No   1:   3  3  0      117.39199  reg  2691.164 -  2691.564
 No   2:   4  3  2      173.96726  reg  2634.589 -  2634.989
 No   3:   5  3  2      263.73895  reg  2544.818 -  2545.218
 No   4:   5  5  0      296.67759  reg  2511.879 -  2512.279
 No   5:   3  1  2       95.05630  reg  2713.500 -  2713.900
 No   6:   4  1  4      114.17758  reg  2694.379 -  2694.779
 No   7:   5  1  4      210.21727  reg  2598.339 -  2598.739
  3  3  0  2691.17797 98.0  2808.56995    5  3  2  2544.83125 93.5  2808.57020
  3  3  0  2691.28123 99.8  2808.67322    3  1  2  2713.61721 99.2  2808.67351
  4  3  2  2634.74963 98.7  2808.71688    5  3  2  2544.97791 99.3  2808.71686
  4  3  2  2634.86466 94.1  2808.83192    3  1  2  2713.77642 98.3  2808.83272
  5  3  2  2544.90807 96.4  2808.64702    5  1  4  2598.42935 99.0  2808.64662
  5  3  2  2545.16718100.0  2808.90612    5  1  4  2598.68877 99.2  2808.90604
  3  1  2  2713.75547 87.9  2808.81177    5  1  4  2598.59508 99.7  2808.81235

 Searching   4  4  1 near   2820.47510
 No   1:   4  4  0      196.80211  reg  2623.473 -  2623.873
 No   2:   5  4  2      271.10604  reg  2549.169 -  2549.569
 No   3:   3  2  2       96.39246  reg  2723.883 -  2724.283
 No   4:   4  2  2      170.33574  reg  2649.939 -  2650.339
 No   5:   5  2  4      210.26477  reg  2610.010 -  2610.410
  4  4  0  2623.77746 99.9  2820.57957    5  4  2  2549.47359 91.7  2820.57963
                                          3  2  2  2724.18730 94.0  2820.57975
                                          4  2  2  2650.24376 96.1  2820.57950
                                          5  2  4  2610.31467 99.8  2820.57944
  5  4  2  2549.47359 91.7  2820.57963    3  2  2  2724.18730 94.0  2820.57975
                                          4  2  2  2650.24376 96.1  2820.57950
                                          5  2  4  2610.31467 99.8  2820.57944
  3  2  2  2724.18730 94.0  2820.57975    4  2  2  2650.24376 96.1  2820.57950
                                          5  2  4  2610.31467 99.8  2820.57944
  4  2  2  2650.24376 96.1  2820.57950    5  2  4  2610.31467 99.8  2820.57944

 Searching   5  3  2 near   2889.03327
 No   1:   4  3  1      182.64849  reg  2706.185 -  2706.585
 No   2:   5  3  3      244.39249  reg  2644.441 -  2644.841
 No   3:   6  3  3      356.51511  reg  2532.318 -  2532.718
 No   4:   5  5  1      296.10441  reg  2592.729 -  2593.129
 No   5:   6  5  1      391.88763  reg  2496.946 -  2497.346
 No   6:   4  1  3      148.14058  reg  2740.693 -  2741.093
 No   7:   5  1  5      166.34417  reg  2722.489 -  2722.889
 No   8:   6  1  5      281.59456  reg  2607.239 -  2607.639
  5  3  3  2644.61404 97.5  2889.00653    5  1  5  2722.66146 99.7  2889.00562
  5  3  3  2644.69259 93.3  2889.08508    6  1  5  2607.48984100.0  2889.08441
  5  3  3  2644.86553 87.2  2889.25803    6  3  3  2532.74293 74.3  2889.25804
                                          5  5  1  2593.15353 98.6  2889.25794
                                          4  1  3  2741.11735 86.2  2889.25793
  6  3  3  2532.74293 74.3  2889.25804    5  5  1  2593.15353 98.6  2889.25794
                                          4  1  3  2741.11735 86.2  2889.25793
  5  5  1  2593.01103100.1  2889.11544    4  1  3  2740.97524 87.3  2889.11582
  5  5  1  2593.15353 98.6  2889.25794    4  1  3  2741.11735 86.2  2889.25793

 Searching   5  4  2 near   2895.35765
 No   1:   4  4  1      195.66142  reg  2699.496 -  2699.896
 No   2:   5  4  1      277.33757  reg  2617.820 -  2618.220
 No   3:   6  4  3      359.36625  reg  2535.791 -  2536.191
 No   4:   6  6  1      416.57572  reg  2478.582 -  2478.982
 No   5:   4  2  3      148.41831  reg  2746.739 -  2747.139
 No   6:   5  2  3      243.34344  reg  2651.814 -  2652.214
 No   7:   6  2  5      281.60227  reg  2613.555 -  2613.955
  4  4  1  2699.37922 99.7  2895.04063    5  2  3  2651.69780100.0  2895.04124
  4  4  1  2699.52438 99.2  2895.18580    6  6  1  2478.60994 98.2  2895.18566
  5  4  1  2618.09869 97.9  2895.43627    6  6  1  2478.86097 99.3  2895.43669
  6  4  3  2535.85621100.0  2895.22246    6  6  1  2478.64600100.1  2895.22172

 Searching   6  3  3 near   2980.44235
 No   1:   5  3  2      263.73895  reg  2716.503 -  2716.903
 No   2:   6  3  4      325.14640  reg  2655.096 -  2655.496
 No   3:   7  3  4      457.87967  reg  2522.363 -  2522.763
 No   4:   5  5  0      296.67759  reg  2683.565 -  2683.965
 No   5:   6  5  2      387.88481  reg  2592.358 -  2592.758
 No   6:   7  5  2      505.75644  reg  2474.486 -  2474.886
 No   7:   5  1  4      210.21727  reg  2770.025 -  2770.425
 No   8:   6  1  6      227.94506  reg  2752.297 -  2752.697
 No   9:   7  1  6      362.35157  reg  2617.891 -  2618.291
  5  3  2  2716.53063100.1  2980.26957    6  1  6  2752.32445 99.8  2980.26951
  5  3  2  2716.71103 65.1  2980.44997    6  3  4  2655.30364 63.2  2980.45004
                                          7  3  4  2522.57037 57.0  2980.45004
                                          5  5  0  2683.77232 95.1  2980.44991
                                          6  5  2  2592.56508 89.4  2980.44990
                                          7  5  2  2474.69353 53.9  2980.44997
                                          5  1  4  2770.23270 72.9  2980.44997
                                          7  1  6  2618.09869 97.9  2980.45026
  5  3  2  2716.80260100.1  2980.54155    7  3  4  2522.66092 99.6  2980.54060
  5  3  2  2716.91105100.0  2980.64999    7  5  2  2474.89359100.1  2980.65003
  6  3  4  2655.27429 99.4  2980.42069    5  5  0  2683.74242100.0  2980.42002
  6  3  4  2655.30364 63.2  2980.45004    7  3  4  2522.57037 57.0  2980.45004
                                          5  5  0  2683.77232 95.1  2980.44991
                                          6  5  2  2592.56508 89.4  2980.44990
                                          7  5  2  2474.69353 53.9  2980.44997
                                          5  1  4  2770.23270 72.9  2980.44997
                                          7  1  6  2618.09869 97.9  2980.45026
  6  3  4  2655.38807 83.3  2980.53447    7  5  2  2474.77792100.1  2980.53437
  6  3  4  2655.43782 85.3  2980.58422    7  5  2  2474.82740100.1  2980.58384
  7  3  4  2522.57037 57.0  2980.45004    5  5  0  2683.77232 95.1  2980.44991
                                          6  5  2  2592.56508 89.4  2980.44990
                                          7  5  2  2474.69353 53.9  2980.44997
                                          5  1  4  2770.23270 72.9  2980.44997
                                          7  1  6  2618.09869 97.9  2980.45026
  7  3  4  2522.64413 99.8  2980.52381    6  1  6  2752.57798 99.7  2980.52304
  5  5  0  2683.77232 95.1  2980.44991    6  5  2  2592.56508 89.4  2980.44990
                                          7  5  2  2474.69353 53.9  2980.44997
                                          5  1  4  2770.23270 72.9  2980.44997
                                          7  1  6  2618.09869 97.9  2980.45026
  5  5  0  2683.83533 92.8  2980.51293    5  1  4  2770.29595 96.3  2980.51322
  5  5  0  2683.96418 98.2  2980.64177    7  1  6  2618.29040 99.9  2980.64196
  6  5  2  2592.56508 89.4  2980.44990    7  5  2  2474.69353 53.9  2980.44997
                                          5  1  4  2770.23270 72.9  2980.44997
                                          7  1  6  2618.09869 97.9  2980.45026
  7  5  2  2474.51211100.1  2980.26855    6  1  6  2752.32445 99.8  2980.26951
  7  5  2  2474.69353 53.9  2980.44997    5  1  4  2770.23270 72.9  2980.44997
                                          7  1  6  2618.09869 97.9  2980.45026
  7  5  2  2474.73429100.0  2980.49074    7  1  6  2618.13863 85.5  2980.49020
  5  1  4  2770.02703 85.9  2980.24430    7  1  6  2617.89271100.1  2980.24428
  5  1  4  2770.23270 72.9  2980.44997    7  1  6  2618.09869 97.9  2980.45026
  5  1  4  2770.50993100.0  2980.72720    7  1  6  2618.37601 99.9  2980.72757
  6  1  6  2752.50619 98.1  2980.45124    7  1  6  2618.09869 97.9  2980.45026

 Searching   6  4  3 near   2982.71854
 No   1:   5  4  2      271.10604  reg  2711.413 -  2711.813
 No   2:   6  4  2      375.43085  reg  2607.088 -  2607.488
 No   3:   7  4  4      458.66874  reg  2523.850 -  2524.250
 No   4:   6  6  0      416.84628  reg  2565.672 -  2566.072
 No   5:   7  6  2      524.34464  reg  2458.174 -  2458.574
 No   6:   5  2  4      210.26477  reg  2772.254 -  2772.654
 No   7:   6  2  4      324.91791  reg  2657.601 -  2658.001
 No   8:   7  2  6      362.35283  reg  2620.166 -  2620.566
  5  4  2  2711.53674  0.5  2982.64278    6  6  0  2565.79660 99.1  2982.64287
  7  4  4  2524.16770100.1  2982.83643    5  2  4  2772.57109 99.0  2982.83586

 Searching   7  3  4 near   3080.21767
 No   1:   6  3  3      356.51511  reg  2723.503 -  2723.903
 No   2:   7  3  5      415.52205  reg  2664.496 -  2664.896
 No   3:   8  3  5      567.69685  reg  2512.321 -  2512.721
 No   4:   6  5  1      391.88763  reg  2688.130 -  2688.530
 No   5:   7  5  3      493.36859  reg  2586.649 -  2587.049
 No   6:   8  5  3      635.40824  reg  2444.609 -  2445.009
 No   7:   6  1  5      281.59456  reg  2798.423 -  2798.823
 No   8:   7  1  7      298.96973  reg  2781.048 -  2781.448
 No   9:   8  1  7      452.49445  reg  2627.523 -  2627.923
  6  3  3  2723.54094100.0  3080.05605    8  3  5  2512.35850 85.6  3080.05535
  6  3  3  2723.59830 87.5  3080.11342    7  3  5  2664.59145 84.4  3080.11351
                                          8  3  5  2512.41672 89.8  3080.11357
                                          6  5  1  2688.22563 97.8  3080.11326
                                          7  5  3  2586.74499 94.8  3080.11359
                                          8  5  3  2444.70516 88.0  3080.11340
                                          6  1  5  2798.51894 92.5  3080.11351
                                          8  1  7  2627.61870 99.4  3080.11316
  7  3  5  2664.59145 84.4  3080.11351    8  3  5  2512.41672 89.8  3080.11357
                                          6  5  1  2688.22563 97.8  3080.11326
                                          7  5  3  2586.74499 94.8  3080.11359
                                          8  5  3  2444.70516 88.0  3080.11340
                                          6  1  5  2798.51894 92.5  3080.11351
                                          8  1  7  2627.61870 99.4  3080.11316
  8  3  5  2512.41672 89.8  3080.11357    6  5  1  2688.22563 97.8  3080.11326
                                          7  5  3  2586.74499 94.8  3080.11359
                                          8  5  3  2444.70516 88.0  3080.11340
                                          6  1  5  2798.51894 92.5  3080.11351
                                          8  1  7  2627.61870 99.4  3080.11316
  6  5  1  2688.22563 97.8  3080.11326    7  5  3  2586.74499 94.8  3080.11359
                                          8  5  3  2444.70516 88.0  3080.11340
                                          6  1  5  2798.51894 92.5  3080.11351
                                          8  1  7  2627.61870 99.4  3080.11316
  7  5  3  2586.74499 94.8  3080.11359    8  5  3  2444.70516 88.0  3080.11340
                                          6  1  5  2798.51894 92.5  3080.11351
                                          8  1  7  2627.61870 99.4  3080.11316
  8  5  3  2444.70516 88.0  3080.11340    6  1  5  2798.51894 92.5  3080.11351
                                          8  1  7  2627.61870 99.4  3080.11316
  6  1  5  2798.51894 92.5  3080.11351    8  1  7  2627.61870 99.4  3080.11316
  7  1  7  2781.21664 99.3  3080.18636    8  1  7  2627.69176 99.8  3080.18621

 Searching   7  4  4 near   3080.80776
 No   1:   6  4  3      359.36625  reg  2721.242 -  2721.642
 No   2:   7  4  3      487.23517  reg  2593.373 -  2593.773
 No   3:   8  4  5      567.88173  reg  2512.726 -  2513.126
 No   4:   6  6  1      416.57572  reg  2664.032 -  2664.432
 No   5:   7  6  1      526.65337  reg  2553.954 -  2554.354
 No   6:   8  6  3      646.45937  reg  2434.148 -  2434.548
 No   7:   6  2  5      281.60227  reg  2799.005 -  2799.405
 No   8:   7  2  5      415.47735  reg  2665.130 -  2665.530
 No   9:   8  2  7      452.49467  reg  2628.113 -  2628.513
  6  4  3  2721.14323 52.6  3080.50947    7  4  3  2593.27429 79.1  3080.50946
  8  4  5  2512.68972 55.8  3080.57145    7  6  1  2553.91764100.0  3080.57100
  7  6  1  2554.29861 96.1  3080.95197    8  2  7  2628.45731 99.9  3080.95197
  8  6  3  2434.57073100.1  3081.03010    7  2  5  2665.55294 80.0  3081.03028

 Searching   8  3  5 near   3188.45272
 No   1:   7  3  4      457.87967  reg  2730.373 -  2730.773
 No   2:   8  3  6      515.29728  reg  2672.955 -  2673.355
 No   3:   9  3  6      686.48870  reg  2501.764 -  2502.164
 No   4:   7  5  2      505.75644  reg  2682.496 -  2682.896
 No   5:   8  5  4      610.72422  reg  2577.529 -  2577.928
 No   6:   9  5  4      776.37685  reg  2411.876 -  2412.276
 No   7:   7  1  6      362.35157  reg  2825.901 -  2826.301
 No   8:   8  1  8      379.40750  reg  2808.845 -  2809.245
 No   9:   9  1  8      552.01401  reg  2636.239 -  2636.639
  7  3  4  2730.43308 72.3  3188.31276    8  3  6  2673.01548 60.4  3188.31275
                                          9  3  6  2501.82415 81.9  3188.31285
                                          7  5  2  2682.55542 89.5  3188.31186
                                          8  5  4  2577.58854 84.2  3188.31276
                                          9  5  4  2411.93579 78.8  3188.31263
                                          7  1  6  2825.96117 84.1  3188.31274
                                          8  1  8  2808.90455 99.7  3188.31205
                                          9  1  8  2636.29869 97.7  3188.31271
  7  3  4  2730.72373 22.6  3188.60341    7  5  2  2682.84795 99.9  3188.60440
  7  3  4  2730.82669 94.2  3188.70636    7  5  2  2682.95004 99.9  3188.70648
  8  3  6  2673.01548 60.4  3188.31275    9  3  6  2501.82415 81.9  3188.31285
                                          7  5  2  2682.55542 89.5  3188.31186
                                          8  5  4  2577.58854 84.2  3188.31276
                                          9  5  4  2411.93579 78.8  3188.31263
                                          7  1  6  2825.96117 84.1  3188.31274
                                          8  1  8  2808.90455 99.7  3188.31205
                                          9  1  8  2636.29869 97.7  3188.31271
  8  3  6  2673.19988 99.5  3188.49716    8  1  8  2809.09052 99.6  3188.49803
  8  3  6  2673.27207 99.3  3188.56935    9  3  6  2502.08047100.0  3188.56917
                                          8  5  4  2577.84497 99.3  3188.56920
  9  3  6  2501.82415 81.9  3188.31285    7  5  2  2682.55542 89.5  3188.31186
                                          8  5  4  2577.58854 84.2  3188.31276
                                          9  5  4  2411.93579 78.8  3188.31263
                                          7  1  6  2825.96117 84.1  3188.31274
                                          8  1  8  2808.90455 99.7  3188.31205
                                          9  1  8  2636.29869 97.7  3188.31271
  9  3  6  2501.85781 94.1  3188.34651    7  5  2  2682.59033 99.5  3188.34678
  9  3  6  2502.04253 99.9  3188.53123    7  5  2  2682.77482 99.9  3188.53126
  9  3  6  2502.08047100.0  3188.56917    8  5  4  2577.84497 99.3  3188.56920
  7  5  2  2682.55542 89.5  3188.31186    8  5  4  2577.58854 84.2  3188.31276
                                          9  5  4  2411.93579 78.8  3188.31263
                                          7  1  6  2825.96117 84.1  3188.31274
                                          8  1  8  2808.90455 99.7  3188.31205
                                          9  1  8  2636.29869 97.7  3188.31271
  8  5  4  2577.58854 84.2  3188.31276    9  5  4  2411.93579 78.8  3188.31263
                                          7  1  6  2825.96117 84.1  3188.31274
                                          8  1  8  2808.90455 99.7  3188.31205
                                          9  1  8  2636.29869 97.7  3188.31271
  8  5  4  2577.71338 65.4  3188.43760    9  5  4  2412.06099100.1  3188.43783
  8  5  4  2577.80393100.1  3188.52816    8  1  8  2809.12058 99.7  3188.52808
  8  5  4  2577.95679 99.5  3188.68102    9  5  4  2412.30467100.0  3188.68152
  9  5  4  2411.93579 78.8  3188.31263    7  1  6  2825.96117 84.1  3188.31274
                                          8  1  8  2808.90455 99.7  3188.31205
                                          9  1  8  2636.29869 97.7  3188.31271
  7  1  6  2825.96117 84.1  3188.31274    8  1  8  2808.90455 99.7  3188.31205
                                          9  1  8  2636.29869 97.7  3188.31271
  8  1  8  2808.90455 99.7  3188.31205    9  1  8  2636.29869 97.7  3188.31271

 Searching   8  4  5 near   3188.58442
 No   1:   7  4  4      458.66874  reg  2729.716 -  2730.116
 No   2:   8  4  4      608.56535  reg  2579.819 -  2580.219
 No   3:   9  4  6      686.52948  reg  2501.855 -  2502.255
 No   4:   7  6  2      524.34464  reg  2664.040 -  2664.440
 No   5:   8  6  2      655.19426  reg  2533.190 -  2533.590
 No   6:   9  6  4      781.26793  reg  2407.116 -  2407.516
 No   7:   7  2  6      362.35283  reg  2826.032 -  2826.432
 No   8:   8  2  6      515.28876  reg  2673.096 -  2673.496
 No   9:   9  2  8      552.01405  reg  2636.370 -  2636.770
  7  4  4  2729.71862 88.1  3188.38735    8  4  4  2579.82233 93.3  3188.38768
                                          9  4  6  2501.85781 94.1  3188.38730
                                          9  6  4  2407.11925 92.6  3188.38717
                                          7  2  6  2826.03430 94.7  3188.38713
  7  4  4  2730.14636100.0  3188.81509    9  6  4  2407.54816 97.7  3188.81609
  8  4  4  2579.82233 93.3  3188.38768    9  4  6  2501.85781 94.1  3188.38730
                                          9  6  4  2407.11925 92.6  3188.38717
                                          7  2  6  2826.03430 94.7  3188.38713
  9  4  6  2501.82415 81.9  3188.35363    8  2  6  2673.06389 94.5  3188.35265
  9  4  6  2501.85781 94.1  3188.38730    9  6  4  2407.11925 92.6  3188.38717
                                          7  2  6  2826.03430 94.7  3188.38713
  9  4  6  2502.18307100.0  3188.71255    8  2  6  2673.42281 14.0  3188.71157
  9  4  6  2502.22733100.1  3188.75681    7  6  2  2664.41278 99.9  3188.75741
  7  6  2  2664.30716 99.7  3188.65179    8  6  2  2533.45826 74.4  3188.65252
  9  6  4  2407.11925 92.6  3188.38717    7  2  6  2826.03430 94.7  3188.38713
  7  2  6  2826.15075 69.5  3188.50358    8  2  6  2673.21495 99.4  3188.50370

 Searching   9  3  6 near   3305.61161
 No   1:   8  3  5      567.69685  reg  2737.715 -  2738.115
 No   2:   9  3  7      624.41466  reg  2680.997 -  2681.397
 No   3:  10  3  7      814.45710  reg  2490.955 -  2491.355
 No   4:   8  5  3      635.40824  reg  2670.003 -  2670.403
 No   5:   9  5  5      738.46761  reg  2566.944 -  2567.344
 No   6:  10  5  5      925.43873  reg  2379.973 -  2380.373
 No   7:   8  1  7      452.49445  reg  2852.917 -  2853.317
 No   8:   9  1  9      469.24636  reg  2836.165 -  2836.565
 No   9:  10  1  9      660.89686  reg  2644.515 -  2644.915
  8  3  5  2737.78710 93.1  3305.48395    9  3  7  2681.06928 85.7  3305.48394
                                          8  5  3  2670.07561 99.2  3305.48385
                                          9  5  5  2567.01625 95.5  3305.48386
                                         10  5  5  2380.04508 95.4  3305.48381
                                          8  1  7  2852.98947 95.8  3305.48392
                                         10  1  9  2644.58751 99.5  3305.48437
  8  3  5  2738.01427 98.5  3305.71112   10  1  9  2644.81484100.0  3305.71170
  8  3  5  2738.03153 97.7  3305.72838    8  5  3  2670.31965 99.8  3305.72789
  9  3  7  2681.06928 85.7  3305.48394    8  5  3  2670.07561 99.2  3305.48385
                                          9  5  5  2567.01625 95.5  3305.48386
                                         10  5  5  2380.04508 95.4  3305.48381
                                          8  1  7  2852.98947 95.8  3305.48392
                                         10  1  9  2644.58751 99.5  3305.48437
  9  3  7  2681.38300 73.2  3305.79766   10  5  5  2380.35912 89.7  3305.79785
  8  5  3  2670.07561 99.2  3305.48385    9  5  5  2567.01625 95.5  3305.48386
                                         10  5  5  2380.04508 95.4  3305.48381
                                          8  1  7  2852.98947 95.8  3305.48392
                                         10  1  9  2644.58751 99.5  3305.48437
  8  5  3  2670.29917 94.6  3305.70741   10  5  5  2380.26770 98.8  3305.70643
                                          8  1  7  2853.21201 99.8  3305.70646
  9  5  5  2567.01625 95.5  3305.48386   10  5  5  2380.04508 95.4  3305.48381
                                          8  1  7  2852.98947 95.8  3305.48392
                                         10  1  9  2644.58751 99.5  3305.48437
  9  5  5  2567.17641 99.1  3305.64401   10  1  9  2644.74775 99.9  3305.64461
  9  5  5  2567.23824100.1  3305.70585   10  5  5  2380.26770 98.8  3305.70643
                                          8  1  7  2853.21201 99.8  3305.70646
  9  5  5  2567.29521100.0  3305.76282   10  1  9  2644.86553 87.2  3305.76239
 10  5  5  2380.04508 95.4  3305.48381    8  1  7  2852.98947 95.8  3305.48392
                                         10  1  9  2644.58751 99.5  3305.48437
 10  5  5  2380.26770 98.8  3305.70643    8  1  7  2853.21201 99.8  3305.70646
 10  5  5  2380.32961100.1  3305.76834    8  1  7  2853.27314 99.9  3305.76759
  8  1  7  2852.98947 95.8  3305.48392   10  1  9  2644.58751 99.5  3305.48437
  8  1  7  2853.00242 88.7  3305.49687    9  1  9  2836.25136 99.8  3305.49772
                                         10  1  9  2644.60007 98.2  3305.49693
  9  1  9  2836.25136 99.8  3305.49772   10  1  9  2644.60007 98.2  3305.49693

 Searching   9  4  6 near   3305.63955
 No   1:   8  4  5      567.88173  reg  2737.558 -  2737.958
 No   2:   9  4  5      737.86093  reg  2567.579 -  2567.979
 No   3:  10  4  7      814.46599  reg  2490.974 -  2491.374
 No   4:   8  6  3      646.45937  reg  2658.980 -  2659.380
 No   5:   9  6  3      801.28477  reg  2504.155 -  2504.555
 No   6:  10  6  5      927.10217  reg  2378.337 -  2378.737
 No   7:   8  2  7      452.49467  reg  2852.945 -  2853.345
 No   8:   9  2  7      624.41302  reg  2681.027 -  2681.427
 No   9:  10  2  9      660.89686  reg  2644.543 -  2644.943
  8  4  5  2737.61548 79.7  3305.49721    9  4  5  2567.63624 86.4  3305.49717
                                         10  4  7  2491.03078 88.9  3305.49677
                                          8  6  3  2659.03761 97.2  3305.49698
                                         10  6  5  2378.39475 86.6  3305.49692
                                          8  2  7  2853.00242 88.7  3305.49708
                                          9  2  7  2681.08411 64.6  3305.49713
                                         10  2  9  2644.60007 98.2  3305.49693
  8  4  5  2737.78710 93.1  3305.66882    9  6  3  2504.38332100.1  3305.66809
  8  4  5  2737.85089 98.2  3305.73262    8  6  3  2659.27396100.0  3305.73333
  9  4  5  2567.63624 86.4  3305.49717   10  4  7  2491.03078 88.9  3305.49677
                                          8  6  3  2659.03761 97.2  3305.49698
                                         10  6  5  2378.39475 86.6  3305.49692
                                          8  2  7  2853.00242 88.7  3305.49708
                                          9  2  7  2681.08411 64.6  3305.49713
                                         10  2  9  2644.60007 98.2  3305.49693
  9  4  5  2567.67312 99.7  3305.53405   10  4  7  2491.06832 99.3  3305.53432
  9  4  5  2567.90115100.1  3305.76208    8  6  3  2659.30323 94.8  3305.76260
                                         10  2  9  2644.86553 87.2  3305.76240
  9  4  5  2567.91873100.0  3305.77966   10  2  9  2644.88264 56.1  3305.77950
 10  4  7  2490.94666100.1  3305.41265    9  2  7  2680.99889  0.2  3305.41191
 10  4  7  2491.03078 88.9  3305.49677    8  6  3  2659.03761 97.2  3305.49698
                                         10  6  5  2378.39475 86.6  3305.49692
                                          8  2  7  2853.00242 88.7  3305.49708
                                          9  2  7  2681.08411 64.6  3305.49713
                                         10  2  9  2644.60007 98.2  3305.49693
 10  4  7  2491.28710 98.8  3305.75309   10  6  5  2378.65017100.0  3305.75234
 10  4  7  2491.42383100.0  3305.88982    9  2  7  2681.47764 98.5  3305.89066
                                         10  2  9  2644.99234 99.5  3305.88920
  8  6  3  2659.00191 63.1  3305.46127    9  6  3  2504.17612100.1  3305.46089
  8  6  3  2659.03761 97.2  3305.49698   10  6  5  2378.39475 86.6  3305.49692
                                          8  2  7  2853.00242 88.7  3305.49708
                                          9  2  7  2681.08411 64.6  3305.49713
                                         10  2  9  2644.60007 98.2  3305.49693
  8  6  3  2659.30323 94.8  3305.76260   10  2  9  2644.86553 87.2  3305.76240
  9  6  3  2504.35931100.1  3305.64408   10  2  9  2644.74775 99.9  3305.64461
 10  6  5  2378.39475 86.6  3305.49692    8  2  7  2853.00242 88.7  3305.49708
                                          9  2  7  2681.08411 64.6  3305.49713
                                         10  2  9  2644.60007 98.2  3305.49693
 10  6  5  2378.69411100.1  3305.79628    9  2  7  2681.38300 73.2  3305.79602
  8  2  7  2852.98947 95.8  3305.48414   10  2  9  2644.58751 99.5  3305.48438
  8  2  7  2853.00242 88.7  3305.49708    9  2  7  2681.08411 64.6  3305.49713
                                         10  2  9  2644.60007 98.2  3305.49693
  9  2  7  2681.08411 64.6  3305.49713   10  2  9  2644.60007 98.2  3305.49693

 Searching  10  3  7 near   3431.84029
 No   1:   9  3  6      686.48870  reg  2745.152 -  2745.552
 No   2:  10  3  8      742.85314  reg  2688.787 -  2689.187
 No   3:  11  3  8      951.64641  reg  2479.994 -  2480.394
 No   4:   9  5  4      776.37685  reg  2655.263 -  2655.663
 No   5:  10  5  6      875.78636  reg  2555.854 -  2556.254
 No   6:  11  5  6     1082.31854  reg  2349.322 -  2349.722
 No   7:   9  1  8      552.01401  reg  2879.626 -  2880.026
 No   8:  10  1 10      568.47283  reg  2863.167 -  2863.567
 No   9:  11  1 10      779.12749  reg  2652.513 -  2652.913
  9  3  6  2745.15421 97.5  3431.64291    9  1  8  2879.62809 94.2  3431.64210
                                         10  1 10  2863.16909 99.3  3431.64193
  9  3  6  2745.17611 99.6  3431.66481   10  5  6  2555.87851 97.3  3431.66488
  9  3  6  2745.27098 87.3  3431.75968   10  3  8  2688.90706 64.7  3431.76020
                                         11  3  8  2480.11334 92.7  3431.75975
                                         10  5  6  2555.97323 90.3  3431.75959
                                          9  1  8  2879.74524 88.7  3431.75926
                                         10  1 10  2863.28633 99.5  3431.75916
                                         11  1 10  2652.63269 98.3  3431.76018
  9  3  6  2745.38177 99.3  3431.87048   11  5  6  2349.55227 99.3  3431.87081
 10  3  8  2688.85048 98.8  3431.70362    9  1  8  2879.68937 98.4  3431.70339
 10  3  8  2688.90706 64.7  3431.76020   11  3  8  2480.11334 92.7  3431.75975
                                         10  5  6  2555.97323 90.3  3431.75959
                                          9  1  8  2879.74524 88.7  3431.75926
                                         11  1 10  2652.63269 98.3  3431.76018
 11  3  8  2480.11334 92.7  3431.75975   10  5  6  2555.97323 90.3  3431.75959
                                          9  1  8  2879.74524 88.7  3431.75926
                                         10  1 10  2863.28633 99.5  3431.75916
                                         11  1 10  2652.63269 98.3  3431.76018
 11  3  8  2480.14151 97.9  3431.78792   10  1 10  2863.31552 99.8  3431.78835
  9  5  4  2655.60645 98.1  3431.98329   11  1 10  2652.85578 99.6  3431.98327
  9  5  4  2655.65063 99.9  3432.02747   10  5  6  2556.24088100.0  3432.02725
 10  5  6  2555.97323 90.3  3431.75959    9  1  8  2879.74524 88.7  3431.75926
                                         10  1 10  2863.28633 99.5  3431.75916
                                         11  1 10  2652.63269 98.3  3431.76018
 10  5  6  2556.00673 99.8  3431.79309   11  1 10  2652.66635100.0  3431.79384
 10  5  6  2556.05609100.0  3431.84245   10  1 10  2863.36919 99.5  3431.84203
 11  5  6  2349.58209100.0  3431.90063    9  1  8  2879.88602 98.4  3431.90003
 11  5  6  2349.61564 99.9  3431.93417    9  1  8  2879.92023 95.6  3431.93424
 11  5  6  2349.65032 80.7  3431.96886   11  1 10  2652.84126 99.8  3431.96875
  9  1  8  2879.62809 94.2  3431.64210   10  1 10  2863.16909 99.3  3431.64193
  9  1  8  2879.74524 88.7  3431.75926   10  1 10  2863.28633 99.5  3431.75916
                                         11  1 10  2652.63269 98.3  3431.76018

 Searching  10  4  7 near   3431.84617
 No   1:   9  4  6      686.52948  reg  2745.117 -  2745.517
 No   2:  10  4  6      875.63202  reg  2556.014 -  2556.414
 No   3:  11  4  8      951.64837  reg  2479.998 -  2480.398
 No   4:   9  6  4      781.26793  reg  2650.378 -  2650.778
 No   5:  10  6  4      960.90009  reg  2470.746 -  2471.146
 No   6:  11  6  6     1082.80747  reg  2348.839 -  2349.239
 No   7:   9  2  8      552.01405  reg  2879.632 -  2880.032
 No   8:  10  2  8      742.85281  reg  2688.793 -  2689.193
 No   9:  11  2 10      779.12749  reg  2652.519 -  2652.919
  9  4  6  2745.23237 95.5  3431.76185   10  4  6  2556.12993 96.7  3431.76195
                                         11  4  8  2480.11334 92.7  3431.76171
                                         11  6  6  2348.95434 97.4  3431.76181
  9  4  6  2745.27098 87.3  3431.80046   10  2  8  2688.94794  0.3  3431.80075
  9  4  6  2745.38177 99.3  3431.91126   10  2  8  2689.05850 98.8  3431.91132
 10  4  6  2556.03051100.0  3431.66252   10  2  8  2688.80936 99.9  3431.66218
 10  4  6  2556.12993 96.7  3431.76195   11  4  8  2480.11334 92.7  3431.76171
                                         11  6  6  2348.95434 97.4  3431.76181
 11  4  8  2480.11334 92.7  3431.76171   11  6  6  2348.95434 97.4  3431.76181
  9  6  4  2650.39575 97.6  3431.66368   11  2 10  2652.53625 99.7  3431.66374
  9  6  4  2650.43444 99.7  3431.70237   10  2  8  2688.85048 98.8  3431.70329
  9  6  4  2650.49259 99.5  3431.76051   10  2  8  2688.90706 64.7  3431.75987
                                         11  2 10  2652.63269 98.3  3431.76018
 10  6  4  2470.95492100.1  3431.85501   10  2  8  2689.00146 48.4  3431.85427
 11  6  6  2349.06965 43.9  3431.87712    9  2  8  2879.86232 99.2  3431.87637
 11  6  6  2349.14043100.2  3431.94790   10  2  8  2689.09444 98.1  3431.94726
  9  2  8  2879.68937 98.4  3431.70342   10  2  8  2688.85048 98.8  3431.70329
  9  2  8  2879.74524 88.7  3431.75929   10  2  8  2688.90706 64.7  3431.75987
                                         11  2 10  2652.63269 98.3  3431.76018
 10  2  8  2688.90706 64.7  3431.75987   11  2 10  2652.63269 98.3  3431.76018

 Searching  11  3  8 near   3567.15155
 No   1:  10  3  7      814.45710  reg  2752.494 -  2752.894
 No   2:  11  3  9      870.59632  reg  2696.355 -  2696.755
 No   3:  12  3  9     1098.05522  reg  2468.896 -  2469.296
 No   4:  10  5  5      925.43873  reg  2641.513 -  2641.913
 No   5:  11  5  7     1022.36479  reg  2544.587 -  2544.987
 No   6:  12  5  7     1247.67850  reg  2319.273 -  2319.673
 No   7:  10  1  9      660.89686  reg  2906.055 -  2906.455
 No   8:  11  1 11      677.07198  reg  2889.880 -  2890.280
 No   9:  12  1 11      906.68874  reg  2660.263 -  2660.663
 10  3  7  2752.76184 62.1  3567.21894   11  1 11  2890.14647 96.1  3567.21845
                                         12  1 11  2660.52955 99.2  3567.21830
 10  3  7  2752.88637 99.0  3567.34347   11  5  7  2544.97791 99.3  3567.34270
 11  3  9  2696.36410 99.9  3566.96042   12  5  7  2319.28208100.0  3566.96059
 11  3  9  2696.56224 73.5  3567.15856   12  3  9  2469.10237 96.6  3567.15759
                                         10  5  5  2641.72071 59.8  3567.15943
                                         12  5  7  2319.48100 98.7  3567.15951
                                         10  1  9  2906.26216 93.1  3567.15901
                                         12  1 11  2660.46960 98.8  3567.15834
 12  3  9  2469.10237 96.6  3567.15759   12  1 11  2660.46960 98.8  3567.15834
 12  3  9  2469.28576100.1  3567.34097   11  1 11  2890.26825 99.0  3567.34023
 10  5  5  2641.72071 59.8  3567.15943   11  5  7  2544.79515 97.9  3567.15994
                                         12  5  7  2319.48100 98.7  3567.15951
                                         10  1  9  2906.26216 93.1  3567.15901
 10  5  5  2641.80043100.1  3567.23916   10  1  9  2906.34275 99.1  3567.23960
 11  5  7  2544.79515 97.9  3567.15994   12  5  7  2319.48100 98.7  3567.15951
                                         10  1  9  2906.26216 93.1  3567.15901
 11  5  7  2544.90807 96.4  3567.27286   11  1 11  2890.19990 98.1  3567.27188
 12  5  7  2319.44302 87.6  3567.12153   11  1 11  2890.04901 98.7  3567.12099
 12  5  7  2319.48100 98.7  3567.15951   10  1  9  2906.26216 93.1  3567.15901
 10  1  9  2906.16454 99.3  3567.06140   12  1 11  2660.37332 98.6  3567.06206
 10  1  9  2906.20605 99.2  3567.10291   11  1 11  2890.03167 99.1  3567.10365
 10  1  9  2906.26216 93.1  3567.15901   12  1 11  2660.46960 98.8  3567.15834
 10  1  9  2906.41666 85.6  3567.31352   11  1 11  2890.24055 97.9  3567.31253
 11  1 11  2890.14647 96.1  3567.21845   12  1 11  2660.52955 99.2  3567.21830

 Searching  11  4  8 near   3567.15280
 No   1:  10  4  7      814.46599  reg  2752.487 -  2752.887
 No   2:  11  4  7     1022.32684  reg  2544.626 -  2545.026
 No   3:  12  4  9     1098.05566  reg  2468.897 -  2469.297
 No   4:  10  6  5      927.10217  reg  2639.851 -  2640.251
 No   5:  11  6  5     1129.76422  reg  2437.189 -  2437.589
 No   6:  12  6  7     1247.81370  reg  2319.139 -  2319.539
 No   7:  10  2  9      660.89686  reg  2906.056 -  2906.456
 No   8:  11  2  9      870.59625  reg  2696.357 -  2696.757
 No   9:  12  2 11      906.68874  reg  2660.264 -  2660.664
 10  4  7  2752.50619 98.1  3566.97218   11  6  5  2437.20743100.1  3566.97165
 10  4  7  2752.69224 90.9  3567.15823   11  4  7  2544.83125 93.5  3567.15809
                                         12  4  9  2469.10237 96.6  3567.15804
                                         10  6  5  2640.05511 97.8  3567.15728
                                         12  6  7  2319.34439 93.7  3567.15808
                                         10  2  9  2906.26216 93.1  3567.15902
                                         11  2  9  2696.56224 73.5  3567.15849
                                         12  2 11  2660.46960 98.8  3567.15834
 10  4  7  2752.70809 50.4  3567.17408   12  2 11  2660.48459 97.5  3567.17333
 10  4  7  2752.76184 62.1  3567.22783   10  6  5  2640.12542 99.9  3567.22759
 11  4  7  2544.64724 92.6  3566.97408   10  2  9  2906.07697 97.9  3566.97383
 11  4  7  2544.66372 99.6  3566.99056   12  6  7  2319.17630 13.4  3566.99000
 11  4  7  2544.83125 93.5  3567.15809   12  4  9  2469.10237 96.6  3567.15804
                                         10  6  5  2640.05511 97.8  3567.15728
                                         12  6  7  2319.34439 93.7  3567.15808
                                         10  2  9  2906.26216 93.1  3567.15902
                                         11  2  9  2696.56224 73.5  3567.15849
                                         12  2 11  2660.46960 98.8  3567.15834
 12  4  9  2468.91334100.0  3566.96900   10  6  5  2639.86592100.0  3566.96809
 12  4  9  2469.10237 96.6  3567.15804   10  6  5  2640.05511 97.8  3567.15728
                                         12  6  7  2319.34439 93.7  3567.15808
                                         10  2  9  2906.26216 93.1  3567.15902
                                         11  2  9  2696.56224 73.5  3567.15849
                                         12  2 11  2660.46960 98.8  3567.15834
 12  4  9  2469.11599100.1  3567.17165   11  6  5  2437.40788 93.1  3567.17210
 10  6  5  2640.05511 97.8  3567.15728   12  6  7  2319.34439 93.7  3567.15808
 10  6  5  2640.22084 98.8  3567.32301   11  6  5  2437.55870 99.5  3567.32292
 11  6  5  2437.40788 93.1  3567.17210   12  6  7  2319.35910 21.3  3567.17280
 11  6  5  2437.59970100.1  3567.36392   10  2  9  2906.46783 98.8  3567.36469
 12  6  7  2319.34439 93.7  3567.15808   10  2  9  2906.26216 93.1  3567.15902
                                         11  2  9  2696.56224 73.5  3567.15849
                                         12  2 11  2660.46960 98.8  3567.15834
 12  6  7  2319.35910 21.3  3567.17280   12  2 11  2660.48459 97.5  3567.17333
 10  2  9  2906.16454 99.3  3567.06141   12  2 11  2660.37332 98.6  3567.06206
 10  2  9  2906.26216 93.1  3567.15902   11  2  9  2696.56224 73.5  3567.15849
                                         12  2 11  2660.46960 98.8  3567.15834
 11  2  9  2696.56224 73.5  3567.15849   12  2 11  2660.46960 98.8  3567.15834

 Searching  12  3  9 near   3711.51527
 No   1:  11  3  8      951.64641  reg  2759.669 -  2760.069
 No   2:  12  3 10     1007.62667  reg  2703.689 -  2704.089
 No   3:  13  3 10     1253.66858  reg  2457.647 -  2458.047
 No   4:  11  5  6     1082.31854  reg  2628.997 -  2629.397
 No   5:  12  5  8     1178.10386  reg  2533.211 -  2533.611
 No   6:  13  5  8     1421.86971  reg  2289.446 -  2289.846
 No   7:  11  1 10      779.12749  reg  2932.188 -  2932.588
 No   8:  12  1 12      795.02742  reg  2916.288 -  2916.688
 No   9:  13  1 12     1043.56191  reg  2667.753 -  2668.153
 11  3  8  2760.03212 94.6  3711.67853   12  3 10  2704.05216 80.8  3711.67883
                                         13  3 10  2458.01019 97.3  3711.67877
                                         11  5  6  2629.36065 99.1  3711.67918
                                         13  5  8  2289.80914 98.0  3711.67885
                                         11  1 10  2932.55135 95.4  3711.67884
 12  3 10  2703.68414100.0  3711.31081   13  5  8  2289.44202 99.5  3711.31173
 12  3 10  2703.81196 99.9  3711.43863   13  3 10  2457.76995 99.5  3711.43853
                                         12  1 12  2916.41039 97.1  3711.43781
 12  3 10  2703.96733 96.2  3711.59400   11  1 10  2932.46723 97.3  3711.59472
 12  3 10  2704.05216 80.8  3711.67883   13  3 10  2458.01019 97.3  3711.67877
                                         11  5  6  2629.36065 99.1  3711.67918
                                         13  5  8  2289.80914 98.0  3711.67885
                                         11  1 10  2932.55135 95.4  3711.67884
 12  3 10  2704.13840 87.4  3711.76507   11  5  6  2629.44587100.0  3711.76440
 13  3 10  2457.76995 99.5  3711.43853   12  1 12  2916.41039 97.1  3711.43781
 13  3 10  2457.90312 87.4  3711.57169   11  1 10  2932.44416 90.2  3711.57165
 13  3 10  2457.97280100.1  3711.64138   13  5  8  2289.77222 99.4  3711.64193
 13  3 10  2458.01019 97.3  3711.67877   11  5  6  2629.36065 99.1  3711.67918
                                         13  5  8  2289.80914 98.0  3711.67885
                                         11  1 10  2932.55135 95.4  3711.67884
 11  5  6  2629.04340 90.7  3711.36193   13  5  8  2289.49307100.2  3711.36277
 11  5  6  2629.17577 99.0  3711.49431   11  1 10  2932.36703 96.0  3711.49452
 11  5  6  2629.36065 99.1  3711.67918   13  5  8  2289.80914 98.0  3711.67885
                                         11  1 10  2932.55135 95.4  3711.67884
 12  5  8  2533.30093 98.4  3711.40479   11  1 10  2932.27804 98.1  3711.40553
 12  5  8  2533.36065100.1  3711.46450   13  1 12  2667.90334 99.3  3711.46525
 13  5  8  2289.51488100.2  3711.38459   13  1 12  2667.82228100.1  3711.38419
 13  5  8  2289.80914 98.0  3711.67885   11  1 10  2932.55135 95.4  3711.67884
 11  1 10  2932.39198 97.3  3711.51947   12  1 12  2916.49145 98.4  3711.51887

 Searching  12  4  9 near   3711.51554
 No   1:  11  4  8      951.64837  reg  2759.667 -  2760.067
 No   2:  12  4  8     1178.09455  reg  2533.221 -  2533.621
 No   3:  13  4 10     1253.66868  reg  2457.647 -  2458.047
 No   4:  11  6  6     1082.80747  reg  2628.508 -  2628.908
 No   5:  12  6  6     1306.02254  reg  2405.293 -  2405.693
 No   6:  13  6  8     1421.90638  reg  2289.409 -  2289.809
 No   7:  11  2 10      779.12749  reg  2932.188 -  2932.588
 No   8:  12  2 10     1007.62665  reg  2703.689 -  2704.089
 No   9:  13  2 12     1043.56191  reg  2667.754 -  2668.154
 11  4  8  2759.84584100.0  3711.49421   11  2 10  2932.36703 96.0  3711.49452
 12  4  8  2533.36065100.1  3711.45520   12  6  6  2405.43199100.1  3711.45454
 12  4  8  2533.49954 99.8  3711.59409   13  6  8  2289.68771100.1  3711.59409
                                         11  2 10  2932.46723 97.3  3711.59472
                                         12  2 10  2703.96733 96.2  3711.59399
 12  4  8  2533.52465 91.0  3711.61920   12  6  6  2405.59607 19.5  3711.61862
 13  4 10  2457.76995 99.5  3711.43864   12  2 10  2703.81196 99.9  3711.43862
 13  4 10  2457.90312 87.4  3711.57180   11  2 10  2932.44416 90.2  3711.57165
 13  4 10  2457.97280100.1  3711.64148   13  6  8  2289.73471100.1  3711.64109
 13  4 10  2458.01019 97.3  3711.67887   11  6  6  2628.87100 99.8  3711.67847
                                         13  6  8  2289.77222 99.4  3711.67860
                                         11  2 10  2932.55135 95.4  3711.67884
                                         12  2 10  2704.05216 80.8  3711.67881
 11  6  6  2628.54951 99.7  3711.35698   11  2 10  2932.22908 98.3  3711.35657
 11  6  6  2628.57650 99.4  3711.38397   13  2 12  2667.82228100.1  3711.38419
 11  6  6  2628.58992 98.4  3711.39739   12  6  6  2405.37510100.0  3711.39765
 11  6  6  2628.62931100.0  3711.43678   13  6  8  2289.52975100.2  3711.43613
 11  6  6  2628.71429100.1  3711.52177   12  6  6  2405.50015100.1  3711.52269
 11  6  6  2628.85067 99.7  3711.65815   13  6  8  2289.75115100.1  3711.65753
 11  6  6  2628.87100 99.8  3711.67847   13  6  8  2289.77222 99.4  3711.67860
                                         11  2 10  2932.55135 95.4  3711.67884
                                         12  2 10  2704.05216 80.8  3711.67881
 12  6  6  2405.28906100.0  3711.31161   12  2 10  2703.68414100.0  3711.31079
 13  6  8  2289.39447100.1  3711.30085   13  2 12  2667.73942100.1  3711.30132
 13  6  8  2289.68771100.1  3711.59409   11  2 10  2932.46723 97.3  3711.59472
                                         12  2 10  2703.96733 96.2  3711.59399
 13  6  8  2289.77222 99.4  3711.67860   11  2 10  2932.55135 95.4  3711.67884
                                         12  2 10  2704.05216 80.8  3711.67881
 11  2 10  2932.46723 97.3  3711.59472   12  2 10  2703.96733 96.2  3711.59399
 11  2 10  2932.55135 95.4  3711.67884   12  2 10  2704.05216 80.8  3711.67881

 Searching  13  3 10 near   3864.88057
 No   1:  12  3  9     1098.05522  reg  2766.625 -  2767.025
 No   2:  13  3 11     1153.92476  reg  2710.756 -  2711.156
 No   3:  14  3 11     1418.46622  reg  2446.214 -  2446.614
 No   4:  12  5  7     1247.67850  reg  2617.002 -  2617.402
 No   5:  13  5  9     1342.96889  reg  2521.712 -  2522.112
 No   6:  14  5  9     1605.00370  reg  2259.677 -  2260.077
 No   7:  12  1 11      906.68874  reg  2957.992 -  2958.392
 No   8:  13  1 13      922.32133  reg  2942.359 -  2942.759
 No   9:  14  1 13     1189.72679  reg  2674.954 -  2675.354
 12  3  9  2767.07924 98.4  3865.13446   13  5  9  2522.16523 97.8  3865.13412
 13  3 11  2710.86120 99.7  3864.78596   12  1 11  2958.09650 95.1  3864.78524
 13  3 11  2710.98895100.0  3864.91371   14  5  9  2259.90995100.2  3864.91366
 13  3 11  2711.14173 66.8  3865.06649   14  5  9  2260.06215100.2  3865.06585
 14  3 11  2446.21315100.1  3864.67937   13  1 13  2942.35824 95.5  3864.67958
 14  3 11  2446.23873100.1  3864.70495   12  1 11  2958.01716 97.3  3864.70591
 14  3 11  2446.31351 98.9  3864.77973   13  1 13  2942.45908 97.3  3864.78041
 12  5  7  2616.99588100.0  3864.67439   14  5  9  2259.67046100.2  3864.67417
 12  5  7  2617.22140 98.4  3864.89991   14  5  9  2259.89548100.1  3864.89918
 13  5  9  2521.78552100.1  3864.75441   13  1 13  2942.43342 97.1  3864.75475
 13  5  9  2521.95697100.1  3864.92586   13  1 13  2942.60527 95.9  3864.92660
 13  5  9  2522.00445100.0  3864.97334   14  5  9  2259.96932100.2  3864.97302
                                         13  1 13  2942.65219 98.1  3864.97353
 14  5  9  2259.96932100.2  3864.97302   13  1 13  2942.65219 98.1  3864.97353
 14  5  9  2260.00078100.1  3865.00448   12  1 11  2958.31590 96.7  3865.00464
 14  5  9  2260.02421 96.6  3865.02791   13  1 13  2942.70743 99.0  3865.02877
 14  5  9  2260.07709100.1  3865.08080   13  1 13  2942.75915 98.2  3865.08048
 12  1 11  2958.11737 95.7  3864.80611   13  1 13  2942.48537 94.5  3864.80670
 12  1 11  2958.21608 93.6  3864.90483   13  1 13  2942.58377 97.1  3864.90510

 Searching  13  4 10 near   3864.88063
 No   1:  12  4  9     1098.05566  reg  2766.625 -  2767.025
 No   2:  13  4  9     1342.96657  reg  2521.714 -  2522.114
 No   3:  14  4 11     1418.46624  reg  2446.214 -  2446.614
 No   4:  12  6  7     1247.81370  reg  2616.867 -  2617.267
 No   5:  13  6  7     1490.09858  reg  2374.582 -  2374.982
 No   6:  14  6  9     1605.01368  reg  2259.667 -  2260.067
 No   7:  12  2 11      906.68874  reg  2957.992 -  2958.392
 No   8:  13  2 11     1153.92476  reg  2710.756 -  2711.156
 No   9:  14  2 13     1189.72679  reg  2674.954 -  2675.354
 12  4  9  2766.79707 99.8  3864.85273   14  6  9  2259.83835100.1  3864.85203
 12  4  9  2766.86777 99.6  3864.92343   13  4  9  2521.95697100.1  3864.92355
                                         14  6  9  2259.90995100.2  3864.92363
 13  4  9  2521.78552100.1  3864.75209   12  2 11  2958.06260 97.6  3864.75134
 13  4  9  2521.95697100.1  3864.92355   14  6  9  2259.90995100.2  3864.92363
 13  4  9  2521.97212100.1  3864.93869   13  6  7  2374.83949100.1  3864.93807
 14  4 11  2446.23873100.1  3864.70497   12  2 11  2958.01716 97.3  3864.70591
 12  6  7  2616.84012 91.7  3864.65382   14  2 13  2674.92629 93.8  3864.65307
 12  6  7  2616.97430100.0  3864.78800   13  6  7  2374.68922100.0  3864.78780
 12  6  7  2617.11665100.1  3864.93035   12  2 11  2958.24143 89.4  3864.93017
 13  6  7  2374.78982 99.3  3864.88840   12  2 11  2958.19961 96.9  3864.88835
 13  6  7  2374.96869100.1  3865.06727   13  2 11  2711.14173 66.8  3865.06649
 14  6  9  2259.67046100.2  3864.68414   13  2 11  2710.75888 77.4  3864.68363
 14  6  9  2259.89140100.1  3864.90507   12  2 11  2958.21608 93.6  3864.90483
 14  6  9  2259.96932100.2  3864.98299   12  2 11  2958.29377 95.8  3864.98251
 14  6  9  2260.05202100.1  3865.06570   13  2 11  2711.14173 66.8  3865.06649
 14  6  9  2260.07709100.1  3865.09077   12  2 11  2958.40174 96.4  3865.09049
 12  2 11  2958.09650 95.1  3864.78524   13  2 11  2710.86120 99.7  3864.78596

 Searching  14  3 11 near   4027.17892
 No   1:  13  3 10     1253.66858  reg  2773.310 -  2773.710
 No   2:  14  3 12     1309.46935  reg  2717.510 -  2717.910
 No   3:  15  3 12     1592.42480  reg  2434.554 -  2434.954
 No   4:  13  5  8     1421.86971  reg  2605.109 -  2605.509
 No   5:  14  5 10     1516.93784  reg  2510.041 -  2510.441
 No   6:  15  5 10     1797.10176  reg  2229.877 -  2230.277
 No   7:  13  1 12     1043.56191  reg  2983.417 -  2983.817
 No   8:  14  1 14     1058.93449  reg  2968.044 -  2968.444
 No   9:  15  1 14     1345.16171  reg  2681.817 -  2682.217
 13  3 10  2773.36764 99.0  4027.03622   15  3 12  2434.61087100.0  4027.03567
 13  3 10  2773.39181100.0  4027.06039   14  1 14  2968.12554 96.6  4027.06002
 13  3 10  2773.62651 99.9  4027.29509   13  5  8  2605.42460 99.7  4027.29431
 14  3 12  2717.54775 99.9  4027.01710   13  1 12  2983.45512 94.4  4027.01703
 14  3 12  2717.64372 99.7  4027.11307   15  3 12  2434.68899100.0  4027.11379
                                         13  5  8  2605.24271100.0  4027.11241
 15  3 12  2434.80469 99.9  4027.22949   13  1 12  2983.66856 97.8  4027.23046
 15  3 12  2434.83321 99.8  4027.25801   14  1 14  2968.32336 98.0  4027.25785
                                         15  1 14  2682.09660100.1  4027.25831
 15  3 12  2434.88551 99.9  4027.31031   14  1 14  2968.37531 96.5  4027.30979
 13  5  8  2605.18150100.0  4027.05121   15  5 10  2229.94972100.1  4027.05148
 13  5  8  2605.45261 94.8  4027.32232   14  5 10  2510.38412 97.6  4027.32196
 14  5 10  2510.14966 99.9  4027.08749   15  1 14  2681.92515 41.9  4027.08686
 14  5 10  2510.21455 99.6  4027.15239   13  1 12  2983.58977 97.6  4027.15168
 15  5 10  2229.88090100.1  4026.98266   14  1 14  2968.04746 98.0  4026.98195
 15  5 10  2230.09037100.2  4027.19213   13  1 12  2983.62995 97.9  4027.19186
 15  5 10  2230.13204100.0  4027.23380   14  1 14  2968.29833 93.5  4027.23281
 15  5 10  2230.23554100.1  4027.33730   14  1 14  2968.40356 97.4  4027.33804
 13  1 12  2983.69500 98.0  4027.25691   14  1 14  2968.32336 98.0  4027.25785
 14  1 14  2968.32336 98.0  4027.25785   15  1 14  2682.09660100.1  4027.25831

 Searching  14  4 11 near   4027.17893
 No   1:  13  4 10     1253.66868  reg  2773.310 -  2773.710
 No   2:  14  4 10     1516.93725  reg  2510.042 -  2510.442
 No   3:  15  4 12     1592.42481  reg  2434.554 -  2434.954
 No   4:  13  6  8     1421.90638  reg  2605.073 -  2605.473
 No   5:  14  6  8     1682.60545  reg  2344.373 -  2344.773
 No   6:  15  6 10     1797.10452  reg  2229.874 -  2230.274
 No   7:  13  2 12     1043.56191  reg  2983.417 -  2983.817
 No   8:  14  2 12     1309.46935  reg  2717.510 -  2717.910
 No   9:  15  2 14     1345.16171  reg  2681.817 -  2682.217
 13  4 10  2773.36764 99.0  4027.03632   15  4 12  2434.61087100.0  4027.03568
 14  4 10  2510.08790 99.9  4027.02515   15  6 10  2229.92033100.1  4027.02485
 14  4 10  2510.14966 99.9  4027.08690   13  6  8  2605.18150100.0  4027.08788
                                         15  2 14  2681.92515 41.9  4027.08686
 14  4 10  2510.21455 99.6  4027.15180   13  2 12  2983.58977 97.6  4027.15168
 15  4 12  2434.53542 87.9  4026.96023   15  6 10  2229.85497100.1  4026.95948
 15  4 12  2434.68899100.0  4027.11379   14  2 12  2717.64372 99.7  4027.11307
 15  4 12  2434.80469 99.9  4027.22950   13  2 12  2983.66856 97.8  4027.23046
 15  4 12  2434.83321 99.8  4027.25802   15  6 10  2230.15393 90.9  4027.25845
                                         15  2 14  2682.09660100.1  4027.25831
 13  6  8  2605.09252100.0  4026.99890   13  2 12  2983.43754 96.8  4026.99945
 14  6  8  2344.48847 99.3  4027.09392   15  6 10  2229.98978 96.9  4027.09429
 14  6  8  2344.69964100.0  4027.30508   13  2 12  2983.74365 98.2  4027.30556
 15  6 10  2229.87454100.1  4026.97906   13  2 12  2983.41714 95.5  4026.97905
 15  6 10  2230.15393 90.9  4027.25845   15  2 14  2682.09660100.1  4027.25831
 13  2 12  2983.45512 94.4  4027.01703   14  2 12  2717.54775 99.9  4027.01710

 Searching  15  3 12 near   4198.32229
 No   1:  14  3 11     1418.46622  reg  2779.656 -  2780.056
 No   2:  15  3 13     1474.23746  reg  2723.885 -  2724.285
 No   3:  16  3 13     1775.51863  reg  2422.604 -  2423.004
 No   4:  14  5  9     1605.00370  reg  2593.119 -  2593.519
 No   5:  15  5 11     1699.98827  reg  2498.134 -  2498.534
 No   6:  16  5 11     1998.15384  reg  2199.968 -  2200.368
 No   7:  14  1 13     1189.72679  reg  3008.396 -  3008.796
 No   8:  15  1 15     1204.84622  reg  2993.276 -  2993.676
 No   9:  16  1 15     1509.84354  reg  2688.279 -  2688.679
 14  3 11  2779.78535 99.7  4198.25157   16  3 13  2422.73320100.1  4198.25184
 14  3 11  2779.96387 99.7  4198.43009   16  5 11  2200.27613100.2  4198.42997
                                         16  1 15  2688.58635 83.3  4198.42990
 14  3 11  2780.07553 98.8  4198.54175   15  5 11  2498.55424 99.7  4198.54252
 15  3 13  2724.10012100.1  4198.33758   16  5 11  2200.18432100.0  4198.33816
 16  3 13  2422.68757100.1  4198.20621   16  5 11  2200.05296100.1  4198.20680
 16  3 13  2422.80987100.1  4198.32850   14  1 13  3008.60243 98.1  4198.32921
 14  5  9  2593.27429 79.1  4198.27799   14  1 13  3008.55103 95.3  4198.27781
 16  5 11  2200.16243100.2  4198.31627   15  1 15  2993.47043 62.3  4198.31665
 16  5 11  2200.19433100.1  4198.34816   14  1 13  3008.62094 92.0  4198.34773
 16  5 11  2200.22148100.1  4198.37531   15  1 15  2993.52991 89.4  4198.37613
 16  5 11  2200.27613100.2  4198.42997   16  1 15  2688.58635 83.3  4198.42990
 14  1 13  3008.51305 99.0  4198.23983   15  1 15  2993.39408 91.0  4198.24030

 Searching  15  4 12 near   4198.32230
 No   1:  14  4 11     1418.46624  reg  2779.656 -  2780.056
 No   2:  15  4 11     1699.98812  reg  2498.134 -  2498.534
 No   3:  16  4 13     1775.51864  reg  2422.604 -  2423.004
 No   4:  14  6  9     1605.01368  reg  2593.109 -  2593.509
 No   5:  15  6  9     1883.81545  reg  2314.307 -  2314.707
 No   6:  16  6 11     1998.15462  reg  2199.968 -  2200.368
 No   7:  14  2 13     1189.72679  reg  3008.396 -  3008.796
 No   8:  15  2 13     1474.23746  reg  2723.885 -  2724.285
 No   9:  16  2 15     1509.84354  reg  2688.279 -  2688.679
 14  4 11  2779.78535 99.7  4198.25160   16  4 13  2422.73320100.1  4198.25184
 14  4 11  2779.96387 99.7  4198.43011   16  6 11  2200.27613100.2  4198.43075
                                         16  2 15  2688.58635 83.3  4198.42990
 14  4 11  2780.07553 98.8  4198.54178   15  4 11  2498.55424 99.7  4198.54236
 15  4 11  2498.36109 80.3  4198.34921   16  6 11  2200.19433100.1  4198.34894
 16  4 13  2422.80987100.1  4198.32851   14  2 13  3008.60243 98.1  4198.32921
 15  6  9  2314.30499 86.3  4198.12044   16  6 11  2199.96618100.2  4198.12079
 15  6  9  2314.40889 99.8  4198.22434   14  2 13  3008.49775 99.1  4198.22453
 15  6  9  2314.66744100.1  4198.48289   16  6 11  2200.32886100.1  4198.48348
 15  6  9  2314.68788100.1  4198.50333   16  6 11  2200.34836100.1  4198.50298
 16  6 11  2200.08447100.2  4198.23909   14  2 13  3008.51305 99.0  4198.23983
 16  6 11  2200.27613100.2  4198.43075   16  2 15  2688.58635 83.3  4198.42990
