Range    : 0.200

Accuracy : 0.001

Control file  : gr32new

Spectrum file : 9md

Searching 0 0 0 near 2628.45451

Searching 1 0 1 near 2642.06745

Searching 1 1 1 near 2643.27434

Searching 2 0 2 near 2666.00707

Searching 2 1 2 near 2666.24129

Searching 3 0 3 near 2698.98674

2 2 0 2640.85723 58.0 2699.22607
4 2 2 2528.89 100.0 2699.22574

Searching 3 1 3 near 2699.01853

Searching 4 0 4 near 2741.21469

3 0 3 2669.91138 75.1 2741.33564
5 0 5 2574.99237 46.8 2741.33582

3 2 1 2633.84495 99.8 2741.21315
4 2 3 2592.79508 65.4 2741.21339
5 2 3 2497.86995 82.4 2741.21339

Searching 4 1 4 near 2741.21868

Searching 5 0 5 near 2792.7623

4 0 4 2678.58941 99.3 2792.76158
6 0 6 2564.81714 93.5 2792.7621

4 0 4 2678.65391 95.6 2792.82608
6 0 6 2564.88109 100.1 2792.82605

4 2 2 2622.42912 100.0 2792.76486
5 2 4 2582.50034 84.0 2792.76511
6 2 4 2467.84709 94.4 2792.765

4 2 2 2622.57735 99.7 2792.91308
5 2 4 2582.64912 98.1 2792.91389
6 2 4 2467.99532 100.1 2792.91323

Searching 5 1 5 near 2792.76281

4 1 4 2678.38115 45.1 2792.55873
6 1 6 2564.61367 100.0 2792.55873

4 3 2 2618.92977 99.1 2792.89702
6 3 4 2467.75132 99.9 2792.89772

Searching 6 0 6 near 2853.63335

5 0 5 2687.29859 98.7 2853.64204
7 0 7 2554.67291 99.5 2853.64262
5 2 3 2610.29921 99.5 2853.64265
6 2 5 2572.03956 58.6 2853.64183
7 2 5 2438.16441 86.3 2853.64175

5 2 3 2610.29921 99.5 2853.64265
6 2 5 2572.03956 58.6 2853.64183
7 2 5 2438.16441 86.3 2853.64175

5 2 3 2610.29921 99.5 2853.64265
6 2 5 2572.03956 58.6 2853.64183
7 2 5 2438.16441 86.3 2853.64175

Searching 6 1 6 near 2853.63342

5 1 5 2687.29859 98.7 2853.64276
7 1 7 2554.67291 99.5 2853.64263
5 3 3 2609.25015 100.0 2853.64264
7 3 5 2438.11983 95.4 2853.64189

5 3 3 2609.25015 100.0 2853.64264
7 3 5 2438.11983 95.4 2853.64189

5 3 3 2609.25015 100.0 2853.64264
7 3 5 2438.11983 95.4 2853.64189

Searching 7 0 7 near 2923.81999

6 2 4 2598.91775 99.8 2923.83565
8 2 6 2408.54708 96.0 2923.83584

6 2 4 2598.91775 99.8 2923.83565
8 2 6 2408.54708 96.0 2923.83584

Searching 7 1 7 near 2923.81999

6 3 4 2598.68877 99.2 2923.83517
8 3 6 2408.53868 89.4 2923.83596

6 3 4 2598.68877 99.2 2923.83517
8 3 6 2408.53868 89.4 2923.83596

6 3 4 2598.68877 99.2 2923.83517
8 3 6 2408.53868 89.4 2923.83596

Searching 8 0 8 near 3003.31126

7 2 5 2587.65289 95.6 3003.13023
9 2 7 2378.71675 100.1 3003.12977

7 2 5 2587.85958 99.2 3003.33692
8 2 7 2550.84281 31.9 3003.33747
9 2 7 2378.9236 90.3 3003.33662

Searching 8 1 8 near 3003.31126

7 3 5 2587.81603 99.9 3003.33808
9 3 7 2378.9236 90.3 3003.33826

7 3 5 2587.81603 99.9 3003.33808
9 3 7 2378.9236 90.3 3003.33826

Searching 9 0 9 near 3092.09409

Searching 9 1 9 near 3092.09409

8 3 6 2576.83515 99.1 3092.13243
10 3 8 2349.27994 92.9 3092.13308

8 3 6 2576.83515 99.1 3092.13243
10 3 8 2349.27994 92.9 3092.13308

8 3 6 2576.83515 99.1 3092.13243
10 3 8 2349.27994 92.9 3092.13308

Searching 10 0 10 near 3190.15326

9 0 9 2720.90625 97.0 3190.15261
11 0 11 2513.0812 96.1 3190.15318

9 2 7 2565.7966 99.1 3190.20962
10 2 9 2529.31342 72.8 3190.21028
11 2 9 2319.61401 95.6 3190.21026

9 2 7 2565.7966 99.1 3190.20962
10 2 9 2529.31342 72.8 3190.21028
11 2 9 2319.61401 95.6 3190.21026

9 2 7 2565.84289 99.9 3190.25591
11 2 9 2319.65897 100.0 3190.25523

Searching 10 1 10 near 3190.15326

9 1 9 2720.90625 97.0 3190.15261
11 1 11 2513.0812 96.1 3190.15318

9 3 7 2565.7966 99.1 3190.21126
11 3 9 2319.61401 95.6 3190.21033

9 3 7 2565.54118 100.0 3189.95584
11 3 9 2319.3591 21.3 3189.95542

9 3 7 2565.7966 99.1 3190.21126
11 3 9 2319.61401 95.6 3190.21033

Searching 11 0 11 near 3297.47117

10 0 10 2729.08152 97.9 3297.55436
12 0 12 2502.5272 99.9 3297.55462
10 2 8 2554.70068 99.3 3297.5535
11 2 10 2518.42663 80.5 3297.55412
12 2 10 2289.92747 97.6 3297.55413

10 2 8 2554.70068 99.3 3297.5535
11 2 10 2518.42663 80.5 3297.55412
12 2 10 2289.92747 97.6 3297.55413

10 2 8 2554.80889 99.8 3297.66171
12 2 10 2290.03541 100.2 3297.66206

Searching 11 1 11 near 3297.47117

10 1 10 2729.08152 97.9 3297.55436
11 1 10 2518.42663 80.5 3297.55412
12 1 12 2502.5272 99.9 3297.55462
10 3 8 2554.70068 99.3 3297.55382
12 3 10 2289.92747 97.6 3297.55414

10 3 8 2554.70068 99.3 3297.55382
12 3 10 2289.92747 97.6 3297.55414

10 3 8 2554.70068 99.3 3297.55382
12 3 10 2289.92747 97.6 3297.55414

10 3 8 2554.70068 99.3 3297.55382
12 3 10 2289.92747 97.6 3297.55414

10 3 8 2554.80889 99.8 3297.66203
12 3 10 2290.03541 100.2 3297.66208

Searching 12 0 12 near 3414.02754

11 2 9 2543.55188 99.6 3414.14814
12 2 11 2507.45921 87.2 3414.14795
13 2 11 2260.22254 98.7 3414.1473

Searching 12 1 12 near 3414.02754

11 3 9 2543.55188 99.6 3414.1482
13 3 11 2260.22254 98.7 3414.1473

11 3 9 2543.55188 99.6 3414.1482
13 3 11 2260.22254 98.7 3414.1473

Searching 13 0 13 near 3539.7991

12 0 12 2744.96102 99.6 3539.98844
14 0 14 2481.05396 99.8 3539.98844

12 2 10 2532.34713 99.8 3539.97379
13 2 12 2496.41269 92.1 3539.9746
14 2 12 2230.50528 99.4 3539.97463

Searching 13 1 13 near 3539.7991

12 1 12 2744.96102 99.6 3539.98844
14 1 14 2481.05396 99.8 3539.98844

12 3 10 2532.34713 99.8 3539.9738
14 3 12 2230.50528 99.4 3539.97463

12 3 10 2532.34713 99.8 3539.9738
14 3 12 2230.50528 99.4 3539.97463

Searching 14 0 14 near 3674.75909

Searching 14 1 14 near 3674.75909

Searching 15 0 15 near 3818.87678

14 2 12 2509.45857 56.9 3818.92792
16 2 14 2170.72413 100.2 3818.92858

Searching 15 1 15 near 3818.87678

14 3 12 2509.45857 56.9 3818.92792
15 3 12 2226.50384 100.2 3818.92864
16 3 14 2170.72413 100.2 3818.92858

