  0   0   0           .000000
  1   0   1         13.746311
  1   1   1         15.090105
  1   1   0         19.375627
  2   0   2         38.016067
  2   2   0         58.368839
  2   1   2         38.297749
  2   1   1         51.140159
  2   2   1         55.161584
  3   0   3         71.424262
  3   2   1        107.368199
  3   1   3         71.465152
  3   3   1        115.340588
  3   1   2         95.056301
  3   3   0        117.391985
  3   2   2         96.392456
  4   0   4        114.172172
  4   2   2        170.335739
  4   4   0        196.802113
  4   1   4        114.177581
  4   3   2        173.967258
  4   1   3        148.140580
  4   3   1        182.648488
  4   2   3        148.418311
  4   4   1        195.661417
  5   0   5        166.343450
  5   2   3        243.343436
  5   4   1        277.337574
  5   1   5        166.344169
  5   3   3        244.392493
  5   5   1        296.104412
  5   1   4        210.217271
  5   3   2        263.738945
  5   5   0        296.677593
  5   2   4        210.264771
  5   4   2        271.106039
  6   0   6        227.944959
  6   2   4        324.917909
  6   4   2        375.430854
  6   6   0        416.846277
  6   1   6        227.945059
  6   3   4        325.146402
  6   5   2        387.884812
  6   1   5        281.594564
  6   3   3        356.515111
  6   5   1        391.887635
  6   2   5        281.602274
  6   4   3        359.366247
  6   6   1        416.575721
  7   0   7        298.969713
  7   2   5        415.477345
  7   4   3        487.235170
  7   6   1        526.653369
  7   1   7        298.969728
  7   3   5        415.522053
  7   5   3        493.368593
  7   7   1        556.906506
  7   1   6        362.351567
  7   3   4        457.879673
  7   5   2        505.756445
  7   7   0        557.029850
  7   2   6        362.352827
  7   4   4        458.668735
  7   6   2        524.344635
  8   0   8        379.407499
  8   2   6        515.288757
  8   4   4        608.565350
  8   6   2        655.194256
  8   8   0        716.920158
  8   1   8        379.407501
  8   3   6        515.297278
  8   5   4        610.724224
  8   7   2        680.464576
  8   1   7        452.494454
  8   3   5        567.696854
  8   5   3        635.408241
  8   7   1        681.686645
  8   2   7        452.494667
  8   4   5        567.881729
  8   6   3        646.459367
  8   8   1        716.864850
  9   0   9        469.246362
  9   2   7        624.413020
  9   4   5        737.860931
  9   6   3        801.284771
  9   8   1        856.755625
  9   1   9        469.246362
  9   3   7        624.414661
  9   5   5        738.467607
  9   7   3        818.698481
  9   9   1        896.170952
  9   1   8        552.014013
  9   3   6        686.488701
  9   5   4        776.376845
  9   7   2        824.271351
  9   9   0        896.195653
  9   2   8        552.014050
  9   4   6        686.529483
  9   6   4        781.267927
  9   8   2        856.145547
 10   0  10        568.472834
 10   2   8        742.852813
 10   4   6        875.632017
 10   6   4        960.900086
 10   8   2       1013.341835
 10  10   0       1094.521330
 10   1  10        568.472834
 10   3   8        742.853139
 10   5   6        875.786363
 10   7   4        970.313729
 10   9   2       1051.210464
 10   1   9        660.896857
 10   3   7        814.457099
 10   5   5        925.438727
 10   7   3        985.351157
 10   9   1       1051.504190
 10   2   9        660.896864
 10   4   7        814.465994
 10   6   5        927.102168
 10   8   3       1010.111292
 10  10   1       1094.510240
 11   0  11        677.071980
 11   2   9        870.596254
 11   4   7       1022.326843
 11   6   5       1129.764220
 11   8   3       1188.235004
 11  10   1       1265.555696
 11   1  11        677.071980
 11   3   9        870.596321
 11   5   7       1022.364788
 11   7   5       1133.669870
 11   9   3       1220.658679
 11  11   1       1311.543230
 11   1  10        779.127490
 11   3   8        951.646406
 11   5   6       1082.318536
 11   7   4       1162.138782
 11   9   2       1222.392880
 11  11   0       1311.548273
 11   2  10        779.127491
 11   4   8        951.648372
 11   6   6       1082.807472
 11   8   4       1177.910842
 11  10   2       1265.417143
 12   0  12        795.027420
 12   2  10       1007.626654
 12   4   8       1178.094555
 12   6   6       1306.022544
 12   8   4       1380.511193
 12  10   2       1451.103005
 12  12   0       1546.915219
 12   1  12        795.027420
 12   3  10       1007.626669
 12   5   8       1178.103860
 12   7   6       1307.360350
 12   9   4       1404.107376
 12  11   2       1498.475846
 12   1  11        906.688743
 12   3   9       1098.055218
 12   5   7       1247.678504
 12   7   5       1350.191228
 12   9   3       1410.543274
 12  11   1       1498.540593
 12   2  11        906.688743
 12   4   9       1098.055664
 12   6   7       1247.813698
 12   8   5       1358.128755
 12  10   3       1450.220660
 12  12   1       1546.912884
 13   0  13        922.321335
 13   2  11       1153.924758
 13   4   9       1342.966575
 13   6   7       1490.098584
 13   8   5       1586.408252
 13  10   3       1652.583275
 13  12   1       1750.095487
 13   1  13        922.321335
 13   3  11       1153.924761
 13   5   9       1342.968890
 13   7   7       1490.515273
 13   9   5       1600.500020
 13  11   3       1698.597018
 13  13   1       1800.250448
 13   1  12       1043.561907
 13   3  10       1253.668579
 13   5   8       1421.869706
 13   7   6       1546.058791
 13   9   4       1616.707714
 13  11   2       1699.030730
 13  13   0       1800.251556
 13   2  12       1043.561907
 13   4  10       1253.668684
 13   6   8       1421.906379
 13   8   6       1549.269758
 13  10   4       1648.910743
 13  12   2       1750.065267
 14   0  14       1058.934486
 14   2  12       1309.469349
 14   4  10       1516.937247
 14   6   8       1682.605446
 14   8   6       1801.650267
 14  10   4       1871.526502
 14  12   2       1965.729298
 14  14   0       2071.181162
 14   1  14       1058.934486
 14   3  12       1309.469350
 14   5  10       1516.937837
 14   7   8       1682.730339
 14   9   6       1808.439886
 14  11   4       1912.255949
 14  13   2       2019.844688
 14   1  13       1189.726786
 14   3  11       1418.466218
 14   5   9       1605.003702
 14   7   7       1749.059825
 14   9   5       1838.646924
 14  11   3       1914.212675
 14  13   1       2019.858863
 14   2  13       1189.726786
 14   4  11       1418.466244
 14   6   9       1605.013677
 14   8   7       1750.194339
 14  10   5       1860.836431
 14  12   3       1965.520502
 14  14   1       2071.180621
 15   0  15       1204.846219
 15   2  13       1474.237460
 15   4  11       1699.988119
 15   6   9       1883.815450
 15   8   7       2023.870410
 15  10   5       2107.601851
 15  12   3       2194.984895
 15  14   1       2307.469379
 15   1  15       1204.846219
 15   3  13       1474.237461
 15   5  11       1699.988274
 15   7   9       1883.852524
 15   9   7       2026.627722
 15  11   5       2139.178084
 15  13   3       2250.674270
 15  15   1       2359.326678
 15   1  14       1345.161710
 15   3  12       1592.424799
 15   5  10       1797.101761
 15   7   8       1959.872299
 15   9   6       2072.208508
 15  11   4       2145.596293
 15  13   2       2250.773674
 15  15   0       2359.326951
 15   2  14       1345.161710
 15   4  12       1592.424806
 15   6  10       1797.104516
 15   8   8       1960.248593
 15  10   6       2084.857103
 15  12   4       2193.990573
 15  14   2       2307.462664
 16   0  16       1360.034471
 16   2  14       1648.204445
 16   4  12       1892.094964
 16   6  10       2093.813731
 16   8   8       2253.134309
 16  10   6       2357.700686
 16  12   4       2439.064779
 16  14   2       2553.754242
 16  16   0       2664.316376
 16   1  16       1360.034471
 16   3  14       1648.204445
 16   5  12       1892.095006
 16   7  10       2093.824808
 16   9   8       2254.152167
 16  11   6       2378.567084
 16  13   4       2493.877890
 16  15   2       2612.563432
 16   1  15       1509.843544
 16   3  13       1775.518635
 16   5  11       1998.153839
 16   7   9       2179.014314
 16   9   7       2313.682958
 16  11   5       2394.220542
 16  13   3       2494.367869
 16  15   1       2612.566657
 16   2  15       1509.843544
 16   4  13       1775.518637
 16   6  11       1998.154618
 16   8   9       2179.136164
 16  10   7       2319.672785
 16  12   5       2435.508233
 16  14   3       2553.707106
 16  16   1       2664.316233
 17   0  17       1524.475781
 17   2  15       1831.343981
 17   4  13       2093.229966
 17   6  11       2312.613228
 17   8   9       2490.152085
 17  10   7       2617.704152
 17  12   5       2699.416808
 17  14   3       2811.848732
 17  16   1       2934.793820
 17   1  17       1524.475781
 17   3  15       1831.343981
 17   5  13       2093.229978
 17   7  11       2312.616595
 17   9   9       2490.512215
 17  11   7       2629.280895
 17  13   5       2749.722193
 17  15   3       2874.243900
 17  17   1       2985.788374
 17   1  16       1683.747662
 17   3  14       1967.719941
 17   5  12       2208.137579
 17   7  10       2406.700959
 17   9   8       2561.689534
 17  11   6       2658.745143
 17  13   4       2751.580137
 17  15   2       2874.266283
 17  17   0       2985.788451
 17   2  16       1683.747662
 17   4  14       1967.719941
 17   6  12       2208.137806
 17   8  10       2406.740308
 17  10   8       2564.179315
 17  12   6       2689.630372
 17  14   4       2811.611818
 17  16   2       2934.792245
 18   0  18       1698.145287
 18   2  16       2023.628028
 18   4  14       2303.362481
 18   6  12       2540.199369
 18   8  10       2735.354085
 18  10   8       2884.642178
 18  12   6       2976.399915
 18  14   4       3082.549567
 18  16   2       3211.902439
 18  18   0       3323.403135
 18   1  18       1698.145287
 18   3  16       2023.628028
 18   5  14       2303.362484
 18   7  12       2540.200417
 18   9  10       2735.479792
 18  11   8       2890.147636
 18  13   6       3018.068929
 18  15   4       3146.834906
 18  17   2       3273.800580
 18   1  17       1866.847908
 18   3  15       2168.998895
 18   5  13       2427.024395
 18   7  11       2642.998276
 18   9   9       2816.675319
 18  11   7       2935.627556
 18  13   5       3023.670253
 18  15   3       3146.948257
 18  17   1       3273.801363
 18   2  17       1866.847908
 18   4  15       2168.998895
 18   6  13       2427.024464
 18   8  11       2643.011115
 18  10   9       2817.642666
 18  12   7       2955.484022
 18  14   5       3081.616753
 18  16   3       3211.891747
 18  18   1       3323.403091
 19   0  19       1881.016729
 19   2  17       2225.026731
 19   4  15       2522.459285
 19   6  13       2776.545508
 19   8  11       2988.914559
 19  10   9       3157.858784
 19  12   7       3267.930498
 19  14   5       3366.812522
 19  16   3       3499.207611
 19  18   1       3629.252380
 19   1  19       1881.016729
 19   3  17       2225.026731
 19   5  15       2522.459286
 19   7  13       2776.545844
 19   9  11       2988.958591
 19  11   9       3160.231982
 19  13   7       3298.352673
 19  15   5       3430.898055
 19  17   3       3566.243282
 19  19   1       3676.853965
 19   1  18       2059.116533
 19   3  16       2379.323596
 19   5  14       2654.781571
 19   7  12       2887.912018
 19   9  10       3079.300130
 19  11   8       3221.047630
 19  13   6       3311.829534
 19  15   4       3431.354583
 19  17   2       3566.248435
 19  19   0       3676.853991
 19   2  18       2059.116533
 19   4  16       2379.323596
 19   6  14       2654.781592
 19   8  12       2887.916290
 19  10  10       3079.665799
 19  12   8       3231.975473
 19  14   6       3363.819936
 19  16   4       3499.153607
 19  18   2       3629.251983
 20   0  20       2073.062437
 20   2  18       2435.508280
 20   4  16       2750.484592
 20   6  14       3021.618329
 20   8  12       3250.885107
 20  10  10       3437.954118
 20  12   8       3570.355039
 20  14   6       3665.840419
 20  16   4       3797.419146
 20  18   2       3936.881834
 20  20   0       4045.884956
 20   1  20       2073.062437
 20   3  18       2435.508280
 20   5  16       2750.484593
 20   7  14       3021.618441
 20   9  12       3250.900766
 20  11  10       3438.930194
 20  13   8       3589.676794
 20  15   6       3726.709938
 20  17   4       3868.149587
 20  19   2       4000.829103
 20   1  19       2260.524098
 20   3  17       2598.659919
 20   5  15       2891.373004
 20   7  13       3141.422909
 20   9  11       3349.924815
 20  11   9       3512.752588
 20  13   7       3615.741962
 20  15   5       3728.234222
 20  17   3       3868.175334
 20  19   1       4000.829308
 20   2  19       2260.524098
 20   4  17       2598.659919
 20   6  15       2891.373011
 20   8  13       3141.424369
 20  10  11       3350.062425
 20  12   9       3518.061443
 20  14   7       3657.935489
 20  16   5       3797.199160
 20  18   3       3936.879321
 20  20   1       4045.884940
 21   0  21       2274.253322
 21   2  19       2655.038692
 21   4  17       2987.399896
 21   6  15       3275.379833
 21   8  13       3521.264944
 21  10  11       3725.517882
 21  12   9       3880.280008
 21  14   7       3980.453522
 21  16   5       4107.205327
 21  18   3       4253.401212
 21  20   1       4388.242364
 21   1  21       2274.253322
 21   3  19       2655.038692
 21   5  17       2987.399896
 21   7  15       3275.379872
 21   9  13       3521.270649
 21  11  11       3725.913380
 21  13   9       3891.016303
 21  15   7       4034.198903
 21  17   5       4180.098703
 21  19   3       4323.373608
 21  21   1       4430.311319
 21   1  20       2471.039339
 21   3  18       2826.971291
 21   5  16       3136.759416
 21   7  14       3403.499692
 21   9  12       3628.693924
 21  11  10       3810.543520
 21  13   8       3932.875459
 21  15   6       4038.492296
 21  17   4       4180.203842
 21  19   2       4323.374851
 21  21   0       4430.311329
 21   2  20       2471.039339
 21   4  18       2826.971291
 21   6  16       3136.759419
 21   8  14       3403.500208
 21  10  12       3628.746253
 21  12  10       3812.941607
 21  14   8       3963.321852
 21  16   6       4106.452742
 21  18   4       4253.388881
 21  20   2       4388.242256
 22   0  22       2484.558848
 22   2  20       2883.581545
 22   4  18       3233.163676
 22   6  16       3537.788032
 22   8  14       3800.029902
 22  10  12       4020.857829
 22  12  10       4196.034832
 22  14   8       4309.784141
 22  16   6       4429.193100
 22  18   4       4579.186950
 22  20   2       4725.304480
 22  22   0       4830.043641
 22   1  22       2484.558848
 22   3  20       2883.581545
 22   5  18       3233.163676
 22   7  16       3537.788046
 22   9  14       3800.032048
 22  11  12       4021.018859
 22  13  10       4201.441728
 22  15   8       4352.970441
 22  17   6       4502.664378
 22  19   4       4654.432024
 22  21   2       4791.239524
 22   1  21       2690.628997
 22   3  19       3064.218360
 22   5  17       3390.898254
 22   7  15       3674.104031
 22   9  13       3915.647464
 22  11  11       4115.052517
 22  13   9       4259.677559
 22  15   7       4363.174947
 22  17   5       4503.028817
 22  19   3       4654.437973
 22  21   1       4791.239582
 22   2  21       2690.628997
 22   4  19       3064.218360
 22   6  17       3390.898255
 22   8  15       3674.104220
 22  10  13       3915.667800
 22  12  11       4116.103587
 22  14   9       4279.086854
 22  16   7       4426.985285
 22  18   5       4579.136828
 22  20   3       4725.303858
 22  22   1       4830.043635
 23   0  23       2703.946995
 23   2  21       3121.097604
 23   4  19       3487.730952
 23   6  17       3808.797047
 23   8  15       4087.143861
 23  10  13       4324.095966
 23  12  11       4517.667925
 23  14   9       4651.103768
 23  16   7       4764.189498
 23  18   5       4915.059670
 23  20   3       5070.851362
 23  22   1       5209.618230
 23   1  23       2703.946995
 23   3  21       3121.097604
 23   5  19       3487.730952
 23   7  17       3808.797052
 23   9  15       4087.144701
 23  11  13       4324.162785
 23  13  11       4520.254175
 23  15   9       4682.330038
 23  17   7       4835.999012
 23  19   5       4993.829495
 23  21   3       5142.275392
 23  23   1       5245.110758
 23   1  22       2919.257585
 23   3  20       3310.358555
 23   5  18       3653.743364
 23   7  16       3953.192372
 23   9  14       4210.778387
 23  11  12       4426.801020
 23  13  10       4593.202418
 23  15   8       4702.690087
 23  17   6       4837.094428
 23  19   4       4993.853433
 23  21   2       5142.275708
 23  23   0       5245.110763
 23   2  22       2919.257585
 23   4  20       3310.358555
 23   6  18       3653.743364
 23   8  16       3953.192445
 23  10  14       4210.786542
 23  12  12       4427.260373
 23  14  10       4604.276905
 23  16   8       4758.597383
 23  18   6       4914.885101
 23  20   4       5070.848466
 23  22   2       5209.618199
 24   0  24       2932.384215
 24   2  22       3367.544366
 24   4  20       3751.052673
 24   6  18       4088.356829
 24   8  16       4382.563289
 24  10  14       4635.262284
 24  12  12       4845.782490
 24  14  10       5001.086997
 24  16   8       5112.978245
 24  18   6       5261.348890
 24  20   4       5423.696557
 24  22   2       5573.964850
 24  24   0       5675.677333
 24   1  24       2932.384215
 24   3  22       3367.544366
 24   5  20       3751.052673
 24   7  18       4088.356831
 24   9  16       4382.563634
 24  11  14       4635.290875
 24  13  12       4847.001422
 24  15  10       5021.402715
 24  17   8       5180.034061
 24  19   6       5342.602402
 24  21   4       5502.237724
 24  23   2       5643.237685
 24   1  23       3156.887102
 24   3  21       3565.345512
 24   5  19       3925.244443
 24   7  17       4240.716539
 24   9  15       4514.057424
 24  11  13       4746.055541
 24  13  11       4932.189431
 24  15   9       5055.790581
 24  17   7       5182.919515
 24  19   5       5342.685651
 24  21   3       5502.239147
 24  23   1       5643.237701
 24   2  23       3156.887102
 24   4  21       3565.345512
 24   6  19       3925.244443
 24   8  17       4240.716569
 24  10  15       4514.060829
 24  12  13       4746.259416
 24  14  11       4938.054242
 24  16   9       5100.794424
 24  18   7       5260.817316
 24  20   5       5423.685066
 24  22   3       5573.964688
 24  24   1       5675.677330
 25   0  25       3169.835356
 25   2  23       3622.875468
 25   4  21       4023.074897
 25   6  19       4376.412533
 25   8  17       4686.238960
 25  10  15       4954.343480
 25  12  13       5180.837758
 25  14  11       5357.189187
 25  16   9       5475.577506
 25  18   7       5618.373921
 25  20   5       5785.314737
 25  22   3       5948.257973
 25  24   1       6092.035818
 25   1  25       3169.835356
 25   3  23       3622.875468
 25   5  21       4023.074897
 25   7  19       4376.412534
 25   9  17       4686.239110
 25  11  15       4954.356230
 25  13  13       5181.417983
 25  15  11       5369.296162
 25  17   9       5534.429442
 25  19   7       5700.915887
 25  21   5       5868.227779
 25  23   3       6020.185241
 25  25   1       6122.055450
 25   1  24       3403.476661
 25   3  22       3829.128335
 25   5  20       4205.346250
 25   7  18       4536.623624
 25   9  16       4825.443441
 25  11  14       5072.919803
 25  13  12       5276.784162
 25  15  10       5419.743588
 25  17   8       5541.102540
 25  19   6       5701.170662
 25  21   4       5868.233334
 25  23   2       6020.185325
 25  25   0       6122.055452
 25   2  24       3403.476661
 25   4  22       3829.128335
 25   6  20       4205.346250
 25   8  18       4536.623636
 25  10  16       4825.444936
 25  12  14       5073.013012
 25  14  12       5279.790959
 25  16  10       5452.842300
 25  18   8       5616.942290
 25  20   6       5785.275019
 25  22   4       5948.257268
 25  24   2       6092.035809
 26   0  26       3416.263571
 26   2  24       3887.039959
 26   4  22       4303.737735
 26   6  20       4672.903533
 26   8  18       4998.116307
 26  10  16       5281.305026
 26  12  14       5523.066322
 26  14  12       5718.392996
 26  16  10       5850.526446
 26  18   8       5986.437480
 26  20   6       6155.823117
 26  22   4       6327.033503
 26  24   2       6480.961415
 26  26   0       6584.728836
 26   1  26       3416.263571
 26   3  24       3887.039959
 26   5  22       4303.737735
 26   7  20       4672.903533
 26   9  18       4998.116376
 26  11  16       5281.311013
 26  13  14       5523.350303
 26  15  12       5725.239624
 26  17  10       5898.597556
 26  19   8       6068.822252
 26  21   6       6242.361503
 26  23   4       6408.652437
 26  25   2       6556.055088
 26   1  25       3658.982038
 26   3  23       4101.650663
 26   5  21       4493.987503
 26   7  19       4840.855341
 26   9  17       5144.887683
 26  11  15       5407.414521
 26  13  13       5627.526707
 26  15  11       5791.517168
 26  17   9       5912.089874
 26  19   7       6069.515914
 26  21   5       6242.380525
 26  23   3       6408.652787
 26  25   1       6556.055092
 26   2  25       3658.982038
 26   4  23       4101.650663
 26   6  21       4493.987503
 26   8  19       4840.855347
 26  10  17       5144.888379
 26  12  15       5407.458969
 26  14  13       5629.069068
 26  16  11       5813.879680
 26  18   9       5983.009200
 26  20   7       6155.701635
 26  22   5       6327.030801
 26  24   3       6480.961373
 26  26   1       6584.728835
 27   0  27       3671.630195
 27   2  25       4159.981386
 27   4  23       4592.973982
 27   6  21       4977.761975
 27   8  19       5318.134861
 27  10  17       5616.100803
 27  12  15       5872.555892
 27  14  13       6084.830889
 27  16  11       6235.225724
 27  18   9       6365.837305
 27  20   7       6535.377864
 27  22   5       6713.364771
 27  24   3       6883.277161
 27  26   1       7035.493904
 27   1  27       3671.630195
 27   3  25       4159.981385
 27   5  23       4592.973982
 27   7  21       4977.761975
 27   9  19       5318.134895
 27  11  17       5616.103794
 27  13  15       5872.700916
 27  15  13       6088.647902
 27  17  11       6271.758642
 27  19   9       6446.095820
 27  21   7       6624.551534
 27  23   5       6799.755061
 27  25   3       6956.570132
 27  27   1       7064.439227
 27   1  26       3923.355089
 27   3  24       4382.849495
 27   5  22       4791.099420
 27   7  20       5153.346822
 27   9  18       5472.335209
 27  11  16       5749.520106
 27  13  14       5984.817142
 27  15  12       6168.889782
 27  17  10       6295.549990
 27  19   8       6447.786667
 27  21   6       6624.609468
 27  23   4       6799.756381
 27  25   2       6956.570154
 27  27   0       7064.439227
 27   2  26       3923.355089
 27   4  24       4382.849495
 27   6  22       4791.099420
 27   8  20       5153.346825
 27  10  18       5472.335556
 27  12  16       5749.542474
 27  14  14       5985.627478
 27  16  12       6183.057569
 27  18  10       6358.537196
 27  20   8       6535.046001
 27  22   6       6713.355613
 27  24   4       6883.276988
 27  26   2       7035.493901
 28   0  28       3935.894580
 28   2  26       4441.636648
 28   4  24       4890.707358
 28   6  22       5290.910759
 28   8  20       5646.226795
 28  10  18       5958.676972
 28  12  16       6229.318386
 28  14  14       6456.951397
 28  16  12       6626.960414
 28  18  10       6756.611054
 28  20   8       6923.865443
 28  22   6       7106.887011
 28  24   4       7286.177427
 28  26   2       7447.499164
 28  28   0       7562.411852
 28   1  28       3935.894579
 28   3  26       4441.636648
 28   5  24       4890.707358
 28   7  22       5290.910759
 28   9  20       5646.226814
 28  11  18       5958.678579
 28  13  16       6229.396693
 28  15  14       6459.114174
 28  17  12       6653.049935
 28  19  10       6832.302345
 28  21   8       7014.908325
 28  23   6       7197.823638
 28  25   4       7372.086717
 28  27   2       7530.809803
 28   1  27       4196.543046
 28   3  25       4672.653701
 28   5  23       5096.603759
 28   7  21       5474.024705
 28   9  19       5807.724662
 28  11  17       6099.196965
 28  13  15       6348.857496
 28  15  13       6550.943742
 28  17  11       6689.937611
 28  19   9       6836.002461
 28  21   7       7015.066348
 28  23   5       7197.828065
 28  25   3       7372.086800
 28  27   1       7530.809804
 28   2  27       4196.543046
 28   4  25       4672.653701
 28   6  23       5096.603759
 28   8  21       5474.024707
 28  10  19       5807.724849
 28  12  17       6099.208980
 28  14  15       6349.301428
 28  16  13       6559.644113
 28  18  11       6742.827424
 28  20   9       6923.050897
 28  22   7       7106.859290
 28  24   5       7286.176783
 28  26   3       7447.499154
 28  28   1       7562.411852
 29   0  29       4209.013878
 29   2  27       4731.934575
 29   4  25       5196.850243
 29   6  23       5612.260739
 29   8  21       5982.314371
 29  10  19       6308.972683
 29  12  17       6593.328613
 29  14  15       6835.091641
 29  16  13       7023.748919
 29  18  11       7158.105058
 29  20   9       7321.070359
 29  22   7       7507.766619
 29  24   5       7695.428034
 29  26   3       7875.087535
 29  28   1       8042.916008
 29   1  29       4209.013877
 29   3  27       4731.934575
 29   5  25       5196.850243
 29   7  23       5612.260739
 29   9  21       5982.314382
 29  11  19       6308.973622
 29  13  17       6593.373884
 29  15  15       6836.365748
 29  17  13       7041.636719
 29  19  11       7226.780528
 29  21   9       7413.090011
 29  23   7       7602.085425
 29  25   5       7786.169834
 29  27   3       7954.300026
 29  29   1       8080.788301
 29   1  28       4478.487616
 29   3  26       4970.982152
 29   5  24       5410.410241
 29   7  22       5802.804311
 29   9  20       6150.986577
 29  11  18       6456.394555
 29  13  16       6719.720666
 29  15  14       6937.707380
 29  17  12       7092.865211
 29  19  10       7234.050207
 29  21   8       7413.477959
 29  23   6       7602.098738
 29  25   4       7786.170144
 29  27   2       7954.300031
 29  29   0       8080.788301
 29   2  28       4478.487616
 29   4  26       4970.982152
 29   6  24       5410.410241
 29   8  22       5802.804312
 29  10  20       6150.986687
 29  12  18       6456.401523
 29  14  16       6719.978145
 29  16  14       6943.068411
 29  18  12       7135.035380
 29  20  10       7319.267927
 29  22   8       7507.691337
 29  24   6       7695.425895
 29  26   4       7875.087496
 29  28   2       8042.916007
 30   0  30       4490.942762
 30   2  28       5030.794132
 30   4  26       5511.300756
 30   6  24       5941.706886
 30   8  22       6326.305907
 30  10  20       6666.918299
 30  12  18       6964.543490
 30  14  16       7219.422415
 30  16  14       7424.657044
 30  18  12       7568.743451
 30  20  10       7726.608923
 30  22   8       7915.555571
 30  24   6       8109.796795
 30  26   4       8299.604950
 30  28   2       8477.423231
 30  30   0       8623.247974
 30   1  30       4490.942761
 30   3  28       5030.794132
 30   5  26       5511.300755
 30   7  24       5941.706886
 30   9  22       6326.305914
 30  11  20       6666.918901
 30  13  18       6964.571852
 30  15  16       7220.216993
 30  17  14       7436.791005
 30  19  12       7628.689749
 30  21  10       7818.579460
 30  23   8       8012.735873
 30  25   6       8205.891822
 30  27   4       8392.230878
 30  29   2       8573.518348
 30   1  29       4769.123863
 30   3  27       5277.741333
 30   5  25       5732.413124
 30   7  23       6139.585553
 30   9  21       6502.039934
 30  11  19       6821.054413
 30  13  17       7097.411309
 30  15  15       7329.500661
 30  17  13       7501.918477
 30  19  11       7641.503214
 30  21   9       7819.439298
 30  23   7       8012.771821
 30  25   5       8205.892846
 30  27   3       8392.230895
 30  29   1       8573.518348
 30   2  29       4769.123863
 30   4  27       5277.741333
 30   6  25       5732.413124
 30   8  23       6139.585553
 30  10  21       6502.040005
 30  12  19       6821.058824
 30  14  17       7097.571609
 30  16  15       7332.911150
 30  18  13       7534.260944
 30  20  11       7723.007102
 30  22   9       7915.371428
 30  24   7       8109.790399
 30  26   5       8299.604805
 30  28   3       8477.423230
 30  30   1       8623.247974
 31   0  31       4781.633052
 31   2  29       5338.122149
 31   4  27       5833.938963
 31   6  25       6279.123047
 31   8  23       6678.089679
 31  10  21       7032.430775
 31  12  19       7342.910244
 31  14  17       7610.003072
 31  16  15       7829.521902
 31  18  13       7986.347195
 31  20  11       8139.881667
 31  22   9       8329.671447
 31  24   7       8529.512324
 31  26   5       8728.918154
 31  28   3       8923.295207
 31  30   1       9125.610727
 31   1  31       4781.633051
 31   3  29       5338.122148
 31   5  27       5833.938962
 31   7  25       6279.123047
 31   9  23       6678.089684
 31  11  21       7032.431203
 31  13  19       7342.929727
 31  15  17       7610.535842
 31  17  15       7837.920537
 31  19  13       8037.067007
 31  21  11       8230.583859
 31  23   9       8429.105141
 31  25   7       8629.613639
 31  27   5       8826.154679
 31  29   3       9017.313123
 31  31   1       9195.599991
 31   1  30       5068.378793
 31   3  28       5592.822311
 31   5  26       6062.486668
 31   7  24       6484.247123
 31   9  22       6860.786312
 31  11  20       7193.108854
 31  13  18       7481.902077
 31  15  16       7726.581010
 31  17  14       7915.269454
 31  19  12       8057.359133
 31  21  10       8232.307791
 31  23   8       8429.192562
 31  25   6       8629.616691
 31  27   4       8826.154744
 31  29   2       9017.313124
 31  31   0       9195.599991
 31   2  30       5068.378793
 31   4  28       5592.822311
 31   6  26       6062.486668
 31   8  24       6484.247124
 31  10  22       6860.786363
 31  12  20       7193.111935
 31  14  18       7482.010607
 31  16  16       7728.871219
 31  18  14       7939.635993
 31  20  12       8133.377548
 31  22  10       8329.264800
 31  24   8       8529.495159
 31  26   6       8728.917673
 31  28   4       8923.295201
 31  30   2       9125.610727
