gr32new     <- ground level file
9md       <- spectrum
.2 <- range
.001 <- accuracy
2743.853558	3 3 0
3  3  1
4  3  1
2  1  1
3  1  3
4  1  3

2808.756449	4 3 1
3  3  0
4  3  2
5  3  2
5  5  0
3  1  2
4  1  4
5  1  4

2820.475103	4 4 1
4  4  0
5  4  2
3  2  2
4  2  2
5  2  4

2889.033272	5 3 2
4  3  1
5  3  3
6  3  3
5  5  1
6  5  1
4  1  3
5  1  5
6  1  5

2895.357645	5 4 2
4  4  1
5  4  1
6  4  3
6  6  1
4  2  3
5  2  3
6  2  5

2980.442346	6 3 3
5  3  2
6  3  4
7  3  4
5  5  0
6  5  2
7  5  2
5  1  4
6  1  6
7  1  6

2982.718542	6 4 3
5  4  2
6  4  2
7  4  4
6  6  0
7  6  2
5  2  4
6  2  4
7  2  6

3080.217667	7 3 4
6  3  3
7  3  5
8  3  5
6  5  1
7  5  3
8  5  3
6  1  5
7  1  7
8  1  7

3080.807761	7 4 4
6  4  3
7  4  3
8  4  5
6  6  1
7  6  1
8  6  3
6  2  5
7  2  5
8  2  7

3188.452724	8 3 5
7  3  4
8  3  6
9  3  6
7  5  2
8  5  4
9  5  4
7  1  6
8  1  8
9  1  8

3188.584423	8 4 5
7  4  4
8  4  4
9  4  6
7  6  2
8  6  2
9  6  4
7  2  6
8  2  6
9  2  8

3305.611611	9 3 6
8  3  5
9  3  7
10  3  7
8  5  3
9  5  5
10  5  5
8  1  7
9  1  9
10  1  9

3305.639548	9 4 6
8  4  5
9  4  5
10  4  7
8  6  3
9  6  3
10  6  5
8  2  7
9  2  7
10  2  9

3431.840292	10 3 7
9  3  6
10  3  8
11  3  8
9  5  4
10  5  6
11  5  6
9  1  8
10  1  10
11  1  10

3431.846172	10 4 7
9  4  6
10  4  6
11  4  8
9  6  4
10  6  4
11  6  6
9  2  8
10  2  8
11  2  10

3567.151547	11 3 8
10  3  7
11  3  9
12  3  9
10  5  5
11  5  7
12  5  7
10  1  9
11  1  11
12  1  11

3567.1528	11 4 8
10  4  7
11  4  7
12  4  9
10  6  5
11  6  5
12  6  7
10  2  9
11  2  9
12  2  11

3711.515269	12 3 9
11  3  8
12  3  10
13  3  10
11  5  6
12  5  8
13  5  8
11  1  10
12  1  12
13  1  12

3711.515541	12 4 9
11  4  8
12  4  8
13  4  10
11  6  6
12  6  6
13  6  8
11  2  10
12  2  10
13  2  12

3864.88057	13 3 10
12  3  9
13  3  11
14  3  11
12  5  7
13  5  9
14  5  9
12  1  11
13  1  13
14  1  13

3864.88063	13 4 10
12  4  9
13  4  9
14  4  11
12  6  7
13  6  7
14  6  9
12  2  11
13  2  11
14  2  13

4027.178918	14 3 11
13  3  10
14  3  12
15  3  12
13  5  8
14  5  10
15  5  10
13  1  12
14  1  14
15  1  14

4027.178931	14 4 11
13  4  10
14  4  10
15  4  12
13  6  8
14  6  8
15  6  10
13  2  12
14  2  12
15  2  14

4198.322294	15 3 12
14  3  11
15  3  13
16  3  13
14  5  9
15  5  11
16  5  11
14  1  13
15  1  15
16  1  15

4198.322298	15 4 12
14  4  11
15  4  11
16  4  13
14  6  9
15  6  9
16  6  11
14  2  13
15  2  13
16  2  15

