Range    : 0.200
Accuracy : 0.001
Control file  : gr32new   
Spectrum file : 9md       

 Searching   7  0  7 near   2923.81999
 No   1:   6  0  6      227.94496  reg  2695.675 -  2696.075
 No   2:   8  0  8      379.40750  reg  2544.212 -  2544.612
 No   3:   6  2  4      324.91791  reg  2598.702 -  2599.102
 No   4:   7  2  6      362.35283  reg  2561.267 -  2561.667
 No   5:   8  2  6      515.28876  reg  2408.331 -  2408.731
  6  0  6  2695.89077 98.0  2923.83573    6  2  4  2598.91775 99.8  2923.83565
                                          8  2  6  2408.54708 96.0  2923.83584
  6  2  4  2598.91775 99.8  2923.83565    8  2  6  2408.54708 96.0  2923.83584
  7  2  6  2561.24128 82.7  2923.59411    8  2  6  2408.30481100.1  2923.59356
  7  2  6  2561.28161100.0  2923.63444    8  2  6  2408.34569 96.4  2923.63445
  7  2  6  2561.48399 53.0  2923.83681    8  2  6  2408.54708 96.0  2923.83584

 Searching   7  1  7 near   2923.81999
 No   1:   6  1  6      227.94506  reg  2695.675 -  2696.075
 No   2:   7  1  6      362.35157  reg  2561.268 -  2561.668
 No   3:   8  1  8      379.40750  reg  2544.212 -  2544.612
 No   4:   6  3  4      325.14640  reg  2598.474 -  2598.874
 No   5:   7  3  4      457.87967  reg  2465.740 -  2466.140
 No   6:   8  3  6      515.29728  reg  2408.323 -  2408.723
  6  1  6  2695.89077 98.0  2923.83583    7  1  6  2561.48399 53.0  2923.83555
                                          6  3  4  2598.68877 99.2  2923.83517
                                          8  3  6  2408.53868 89.4  2923.83596
  7  1  6  2561.48399 53.0  2923.83555    6  3  4  2598.68877 99.2  2923.83517
                                          8  3  6  2408.53868 89.4  2923.83596
  6  3  4  2598.68877 99.2  2923.83517    8  3  6  2408.53868 89.4  2923.83596
  7  3  4  2465.83047100.1  2923.71014    8  3  6  2408.41262 99.4  2923.70990

 Searching   8  0  8 near   3003.31126
 No   1:   7  0  7      298.96971  reg  2704.142 -  2704.542
 No   2:   9  0  9      469.24636  reg  2533.865 -  2534.265
 No   3:   7  2  5      415.47735  reg  2587.634 -  2588.034
 No   4:   8  2  7      452.49467  reg  2550.617 -  2551.017
 No   5:   9  2  7      624.41302  reg  2378.698 -  2379.098
  7  0  7  2704.13840 87.4  3003.10811    9  2  7  2378.69411100.1  3003.10713
  7  2  5  2587.65289 95.6  3003.13023    9  2  7  2378.71675100.1  3003.12977
  7  2  5  2587.85958 99.2  3003.33692    8  2  7  2550.84281 31.9  3003.33747
                                          9  2  7  2378.92360 90.3  3003.33662
  8  2  7  2550.84281 31.9  3003.33747    9  2  7  2378.92360 90.3  3003.33662
  8  2  7  2551.05075 98.2  3003.54542    9  2  7  2379.13280 99.9  3003.54582

 Searching   8  1  8 near   3003.31126
 No   1:   7  1  7      298.96973  reg  2704.142 -  2704.542
 No   2:   8  1  7      452.49445  reg  2550.617 -  2551.017
 No   3:   9  1  9      469.24636  reg  2533.865 -  2534.265
 No   4:   7  3  5      415.52205  reg  2587.589 -  2587.989
 No   5:   8  3  5      567.69685  reg  2435.414 -  2435.814
 No   6:   9  3  7      624.41466  reg  2378.697 -  2379.097
  7  1  7  2704.13840 87.4  3003.10812    9  3  7  2378.69411100.1  3003.10877
  8  1  7  2550.84281 31.9  3003.33726    7  3  5  2587.81603 99.9  3003.33808
                                          9  3  7  2378.92360 90.3  3003.33826
  7  3  5  2587.81603 99.9  3003.33808    9  3  7  2378.92360 90.3  3003.33826

 Searching   9  0  9 near   3092.09409
 No   1:   8  0  8      379.40750  reg  2712.487 -  2712.887
 No   2:  10  0 10      568.47283  reg  2523.421 -  2523.821
 No   3:   8  2  6      515.28876  reg  2576.605 -  2577.005
 No   4:   9  2  8      552.01405  reg  2539.880 -  2540.280
 No   5:  10  2  8      742.85281  reg  2349.041 -  2349.441
  8  0  8  2712.48521 57.0  3091.89271    8  2  6  2576.60461100.1  3091.89336
                                          9  2  8  2539.87958 99.1  3091.89363
  8  0  8  2712.72517 97.5  3092.13267    9  2  8  2540.11884 64.8  3092.13289
                                         10  2  8  2349.27994 92.9  3092.13276
  8  0  8  2712.74902 94.9  3092.15652   10  2  8  2349.30431 99.4  3092.15712
  8  0  8  2712.81015 97.9  3092.21765   10  2  8  2349.36414 14.6  3092.21696
 10  0 10  2523.37523 98.9  3091.84807   10  2  8  2348.99467 80.6  3091.84748
 10  0 10  2523.46281100.1  3091.93564    9  2  8  2539.92196 90.2  3091.93601
 10  0 10  2523.72199 99.9  3092.19482    9  2  8  2540.18130 97.2  3092.19535
  8  2  6  2576.60461100.1  3091.89336    9  2  8  2539.87958 99.1  3091.89363
  9  2  8  2540.11884 64.8  3092.13289   10  2  8  2349.27994 92.9  3092.13276

 Searching   9  1  9 near   3092.09409
 No   1:   8  1  8      379.40750  reg  2712.487 -  2712.887
 No   2:   9  1  8      552.01401  reg  2539.880 -  2540.280
 No   3:  10  1 10      568.47283  reg  2523.421 -  2523.821
 No   4:   8  3  6      515.29728  reg  2576.597 -  2576.997
 No   5:   9  3  6      686.48870  reg  2405.405 -  2405.805
 No   6:  10  3  8      742.85314  reg  2349.041 -  2349.441
  8  1  8  2712.48521 57.0  3091.89271    9  1  8  2539.87958 99.1  3091.89360
  8  1  8  2712.72517 97.5  3092.13267    9  1  8  2540.11884 64.8  3092.13285
                                          8  3  6  2576.83515 99.1  3092.13243
                                         10  3  8  2349.27994 92.9  3092.13308
  8  1  8  2712.74902 94.9  3092.15652   10  3  8  2349.30431 99.4  3092.15745
  8  1  8  2712.81015 97.9  3092.21765   10  3  8  2349.36414 14.6  3092.21728
  9  1  8  2539.90642 99.9  3091.92043    9  3  6  2405.43199100.1  3091.92070
  9  1  8  2539.92196 90.2  3091.93597   10  1 10  2523.46281100.1  3091.93564
  9  1  8  2540.11884 64.8  3092.13285    8  3  6  2576.83515 99.1  3092.13243
                                         10  3  8  2349.27994 92.9  3092.13308
  9  1  8  2540.18130 97.2  3092.19531   10  1 10  2523.72199 99.9  3092.19482
 10  1 10  2523.37523 98.9  3091.84807   10  3  8  2348.99467 80.6  3091.84781
  8  3  6  2576.83515 99.1  3092.13243   10  3  8  2349.27994 92.9  3092.13308

 Searching  10  0 10 near   3190.15326
 No   1:   9  0  9      469.24636  reg  2720.707 -  2721.107
 No   2:  11  0 11      677.07198  reg  2512.881 -  2513.281
 No   3:   9  2  7      624.41302  reg  2565.540 -  2565.940
 No   4:  10  2  9      660.89686  reg  2529.056 -  2529.456
 No   5:  11  2  9      870.59625  reg  2319.357 -  2319.757
  9  0  9  2720.71455 97.7  3189.96091   10  2  9  2529.06389 95.5  3189.96075
  9  0  9  2720.90625 97.0  3190.15261   11  0 11  2513.08120 96.1  3190.15318
                                         11  2  9  2319.55551100.0  3190.15176
  9  0  9  2720.96384 97.6  3190.21021    9  2  7  2565.79660 99.1  3190.20962
                                         10  2  9  2529.31342 72.8  3190.21028
                                         11  2  9  2319.61401 95.6  3190.21026
  9  2  7  2565.79660 99.1  3190.20962   10  2  9  2529.31342 72.8  3190.21028
                                         11  2  9  2319.61401 95.6  3190.21026
  9  2  7  2565.84289 99.9  3190.25591   11  2  9  2319.65897100.0  3190.25523
  9  2  7  2565.87499 84.1  3190.28801   10  2  9  2529.39205100.0  3190.28891
 10  2  9  2529.31342 72.8  3190.21028   11  2  9  2319.61401 95.6  3190.21026

 Searching  10  1 10 near   3190.15326
 No   1:   9  1  9      469.24636  reg  2720.707 -  2721.107
 No   2:  10  1  9      660.89686  reg  2529.056 -  2529.456
 No   3:  11  1 11      677.07198  reg  2512.881 -  2513.281
 No   4:   9  3  7      624.41466  reg  2565.539 -  2565.939
 No   5:  10  3  7      814.45710  reg  2375.496 -  2375.896
 No   6:  11  3  9      870.59632  reg  2319.357 -  2319.757
  9  1  9  2720.71455 97.7  3189.96091   10  1  9  2529.06389 95.5  3189.96074
  9  1  9  2720.90625 97.0  3190.15261   11  1 11  2513.08120 96.1  3190.15318
                                         11  3  9  2319.55551100.0  3190.15183
  9  1  9  2720.96384 97.6  3190.21021   10  1  9  2529.31342 72.8  3190.21028
                                         11  3  9  2319.61401 95.6  3190.21033
 10  1  9  2529.31342 72.8  3190.21028    9  3  7  2565.79660 99.1  3190.21126
                                         11  3  9  2319.61401 95.6  3190.21033
 10  1  9  2529.39205100.0  3190.28890    9  3  7  2565.87499 84.1  3190.28965
                                         10  3  7  2375.83189 98.3  3190.28899
 11  1 11  2513.14005100.0  3190.21203    9  3  7  2565.79660 99.1  3190.21126
  9  3  7  2565.54118100.0  3189.95584   11  3  9  2319.35910 21.3  3189.95542
  9  3  7  2565.79660 99.1  3190.21126   11  3  9  2319.61401 95.6  3190.21033
  9  3  7  2565.87499 84.1  3190.28965   10  3  7  2375.83189 98.3  3190.28899

 Searching  11  0 11 near   3297.47117
 No   1:  10  0 10      568.47283  reg  2728.798 -  2729.198
 No   2:  12  0 12      795.02742  reg  2502.244 -  2502.644
 No   3:  10  2  8      742.85281  reg  2554.418 -  2554.818
 No   4:  11  2 10      779.12749  reg  2518.144 -  2518.544
 No   5:  12  2 10     1007.62665  reg  2289.645 -  2290.045
 10  0 10  2729.08152 97.9  3297.55436   12  0 12  2502.52720 99.9  3297.55462
                                         10  2  8  2554.70068 99.3  3297.55350
                                         11  2 10  2518.42663 80.5  3297.55412
                                         12  2 10  2289.92747 97.6  3297.55413
 10  0 10  2729.14963 99.6  3297.62247   10  2  8  2554.77029 99.8  3297.62310
 12  0 12  2502.52720 99.9  3297.55462   11  2 10  2518.42663 80.5  3297.55412
                                         12  2 10  2289.92747 97.6  3297.55413
 12  0 12  2502.66793100.0  3297.69535   12  2 10  2290.06919 99.5  3297.69584
 10  2  8  2554.70068 99.3  3297.55350   11  2 10  2518.42663 80.5  3297.55412
                                         12  2 10  2289.92747 97.6  3297.55413
 10  2  8  2554.80889 99.8  3297.66171   12  2 10  2290.03541100.2  3297.66206
 11  2 10  2518.42663 80.5  3297.55412   12  2 10  2289.92747 97.6  3297.55413

 Searching  11  1 11 near   3297.47117
 No   1:  10  1 10      568.47283  reg  2728.798 -  2729.198
 No   2:  11  1 10      779.12749  reg  2518.144 -  2518.544
 No   3:  12  1 12      795.02742  reg  2502.244 -  2502.644
 No   4:  10  3  8      742.85314  reg  2554.418 -  2554.818
 No   5:  11  3  8      951.64641  reg  2345.625 -  2346.025
 No   6:  12  3 10     1007.62667  reg  2289.644 -  2290.044
 10  1 10  2729.08152 97.9  3297.55436   11  1 10  2518.42663 80.5  3297.55412
                                         12  1 12  2502.52720 99.9  3297.55462
                                         10  3  8  2554.70068 99.3  3297.55382
                                         12  3 10  2289.92747 97.6  3297.55414
 10  1 10  2729.14963 99.6  3297.62247   10  3  8  2554.77029 99.8  3297.62343
 11  1 10  2518.42663 80.5  3297.55412   12  1 12  2502.52720 99.9  3297.55462
                                         10  3  8  2554.70068 99.3  3297.55382
                                         12  3 10  2289.92747 97.6  3297.55414
 12  1 12  2502.52720 99.9  3297.55462   10  3  8  2554.70068 99.3  3297.55382
                                         12  3 10  2289.92747 97.6  3297.55414
 12  1 12  2502.66793100.0  3297.69535   12  3 10  2290.06919 99.5  3297.69586
 10  3  8  2554.70068 99.3  3297.55382   12  3 10  2289.92747 97.6  3297.55414
 10  3  8  2554.80889 99.8  3297.66203   12  3 10  2290.03541100.2  3297.66208
 11  3  8  2345.98418 11.9  3297.63059   12  3 10  2290.00437100.0  3297.63104

 Searching  12  0 12 near   3414.02754
 No   1:  11  0 11      677.07198  reg  2736.756 -  2737.156
 No   2:  13  0 13      922.32133  reg  2491.506 -  2491.906
 No   3:  11  2  9      870.59625  reg  2543.231 -  2543.631
 No   4:  12  2 11      906.68874  reg  2507.139 -  2507.539
 No   5:  13  2 11     1153.92476  reg  2259.903 -  2260.303
 11  0 11  2737.07640 98.5  3414.14838   11  2  9  2543.55188 99.6  3414.14814
                                         12  2 11  2507.45921 87.2  3414.14795
 13  0 13  2491.80256 80.3  3414.12390   13  2 11  2260.20002100.1  3414.12477
 13  0 13  2491.82571 99.9  3414.14705   12  2 11  2507.45921 87.2  3414.14795
                                         13  2 11  2260.22254 98.7  3414.14730
 11  2  9  2543.55188 99.6  3414.14814   12  2 11  2507.45921 87.2  3414.14795
                                         13  2 11  2260.22254 98.7  3414.14730
 12  2 11  2507.45921 87.2  3414.14795   13  2 11  2260.22254 98.7  3414.14730

 Searching  12  1 12 near   3414.02754
 No   1:  11  1 11      677.07198  reg  2736.756 -  2737.156
 No   2:  12  1 11      906.68874  reg  2507.139 -  2507.539
 No   3:  13  1 13      922.32133  reg  2491.506 -  2491.906
 No   4:  11  3  9      870.59632  reg  2543.231 -  2543.631
 No   5:  12  3  9     1098.05522  reg  2315.772 -  2316.172
 No   6:  13  3 11     1153.92476  reg  2259.903 -  2260.303
 11  1 11  2737.01880 90.6  3414.09078   12  3  9  2316.03603 99.5  3414.09125
 11  1 11  2737.07640 98.5  3414.14838   12  1 11  2507.45921 87.2  3414.14795
                                         11  3  9  2543.55188 99.6  3414.14820
 12  1 11  2507.45921 87.2  3414.14795   13  1 13  2491.82571 99.9  3414.14705
                                         11  3  9  2543.55188 99.6  3414.14820
                                         13  3 11  2260.22254 98.7  3414.14730
 13  1 13  2491.80256 80.3  3414.12390   13  3 11  2260.20002100.1  3414.12478
 13  1 13  2491.82571 99.9  3414.14705   13  3 11  2260.22254 98.7  3414.14730
 11  3  9  2543.55188 99.6  3414.14820   13  3 11  2260.22254 98.7  3414.14730
 12  3  9  2315.83927100.1  3413.89449   13  3 11  2259.96932100.2  3413.89408
 12  3  9  2315.95874 99.2  3414.01396   13  3 11  2260.08867100.2  3414.01343
 12  3  9  2316.18716100.1  3414.24238   13  3 11  2260.31686100.1  3414.24162
